species_label, speciations, duplications, losses, transfers, presence, origination, copies, singletons, transfers_to
AABM5X1, 0, 0, 0.002, 0.002, 0, 0, 0, 0, 0.002
AABM5X2, 0, 0, 0.001, 0.001, 0, 0, 0, 0, 0.001
AABM5X3, 0, 0, 0.001, 0.001, 0, 0, 0, 0, 0.001
Abys1, 0, 0, 0.003, 0.005, 0, 0, 0, 0, 0.003
Acid1, 0, 0, 0.002, 0.001, 0, 0, 0, 0, 0.001
Acid10, 0, 0, 0.003, 0.002, 0, 0, 0, 0, 0.002
Acid11, 0, 0, 0.002, 0.002, 0, 0, 0, 0, 0.002
Acid12, 0, 0, 0.002, 0.001, 0, 0, 0, 0, 0.001
Acid13, 0, 0, 0.001, 0.001, 0, 0, 0, 0, 0
Acid14, 0, 0, 0.005, 0.006, 0, 0, 0, 0, 0.005
Acid17, 0, 0, 0.003, 0.003, 0, 0, 0, 0, 0.002
Acid18, 0, 0, 0.001, 0.001, 0, 0, 0, 0, 0.001
Acid20, 0, 0, 0.002, 0.002, 0, 0, 0, 0, 0.002
Acid21, 0, 0, 0.004, 0.006, 0, 0, 0, 0, 0.004
Acid22, 0, 0, 0.001, 0.001, 0, 0, 0, 0, 0.001
Acid23, 0, 0, 0.002, 0.002, 0, 0, 0, 0, 0.002
Acid25, 0, 0, 0.003, 0.002, 0, 0, 0, 0, 0.002
Acid26, 0, 0, 0.002, 0.002, 0, 0, 0, 0, 0.002
Acid27, 0, 0, 0.001, 0.002, 0, 0, 0, 0, 0.001
Acid29, 0, 0, 0.002, 0.002, 0, 0, 0, 0, 0.002
Acid3, 0, 0, 0.001, 0.001, 0, 0, 0, 0, 0.001
Acid30, 0, 0, 0.001, 0.001, 0, 0, 0, 0, 0.001
Acid31, 0, 0, 0.001, 0.001, 0, 0, 0, 0, 0.001
Acid32, 0, 0, 0.002, 0.002, 0, 0, 0, 0, 0.002
Acid34, 0, 0, 0.003, 0.003, 0, 0, 0, 0, 0.003
Acid36, 0, 0, 0.001, 0, 0, 0, 0, 0, 0
Acid38, 0, 0, 0.002, 0.002, 0, 0, 0, 0, 0.001
Acid39, 0, 0, 0.004, 0.005, 0, 0, 0, 0, 0.004
Acid4, 0, 0, 0.003, 0.002, 0, 0, 0, 0, 0.001
Acid6, 0, 0, 0.001, 0.001, 0, 0, 0, 0, 0.001
Acid8, 0, 0, 0.003, 0.003, 0, 0, 0, 0, 0.003
Acid9, 0, 0, 0.002, 0.003, 0, 0, 0, 0, 0.002
Acti11, 0, 0, 0.002, 0.002, 0, 0, 0, 0, 0.002
Acti12, 0, 0, 0.002, 0.002, 0, 0, 0, 0, 0.001
Acti13, 0, 0, 0.008, 0.004, 0, 0, 0, 0, 0
Acti14, 0, 0, 0.004, 0.003, 0, 0, 0, 0, 0.003
Acti15, 0, 0, 0.698, 0.003, 0, 0, 0, 0, 0.001
Acti16, 0, 0, 0.002, 0.001, 0, 0, 0, 0, 0.001
Acti18, 0, 0, 0.002, 0.003, 0, 0, 0, 0, 0.001
Acti19, 0, 0, 0.003, 0.003, 0, 0, 0, 0, 0.001
Acti2, 0, 0, 0.003, 0.003, 0, 0, 0, 0, 0.002
Acti20, 0, 0, 0.001, 0.001, 0, 0, 0, 0, 0.001
Acti21, 0, 0, 0.001, 0, 0, 0, 0, 0, 0
Acti22, 0, 0, 0.002, 0.003, 0, 0, 0, 0, 0.002
Acti23, 0, 0, 0.003, 0.004, 0, 0, 0, 0, 0.001
Acti26, 0, 0, 0.003, 0.002, 0, 0, 0, 0, 0.002
Acti27, 0, 0, 0.003, 0.002, 0, 0, 0, 0, 0.002
Acti28, 0, 0, 0.001, 0.002, 0, 0, 0, 0, 0.001
Acti29, 0, 0, 0.001, 0.001, 0, 0, 0, 0, 0.001
Acti3, 0, 0, 0.001, 0.001, 0, 0, 0, 0, 0.001
Acti30, 0, 0, 0.002, 0.002, 0, 0, 0, 0, 0.002
Acti31, 0, 0, 0.002, 0.002, 0, 0, 0, 0, 0.002
Acti32, 0, 0, 0.008, 0.004, 0, 0, 0, 0, 0.001
Acti34, 0, 0, 0.001, 0, 0, 0, 0, 0, 0
Acti35, 0, 0, 0.002, 0.002, 0, 0, 0, 0, 0.002
Acti37, 0, 0, 0.002, 0, 0, 0, 0, 0, 0
Acti38, 1, 0, 0.002, 0.121, 1, 0, 1, 0.744, 0.257
Acti39, 0, 0, 0.002, 0.002, 0, 0, 0, 0, 0.002
Acti4, 0, 0, 0.006, 0.007, 0, 0, 0, 0, 0.006
Acti40, 1, 0, 0.002, 0.125, 1, 0, 1, 0.704, 0.297
Acti41, 0, 0, 0.003, 0.002, 0, 0, 0, 0, 0.002
Acti43, 0, 0, 0.001, 0.001, 0, 0, 0, 0, 0.001
Acti44, 0, 0, 0.002, 0.001, 0, 0, 0, 0, 0.001
Acti45, 0, 0, 0.002, 0.001, 0, 0, 0, 0, 0.001
Acti46, 0, 0, 0.002, 0.002, 0, 0, 0, 0, 0.001
Acti47, 0, 0, 0.004, 0.004, 0, 0, 0, 0, 0.003
Acti48, 0, 0, 0.001, 0.001, 0, 0, 0, 0, 0.001
Acti49, 0, 0, 0.009, 0.006, 0, 0, 0, 0, 0.002
Acti5, 0, 0, 0.001, 0.001, 0, 0, 0, 0, 0.001
Acti50, 0, 0, 0.001, 0.001, 0, 0, 0, 0, 0.001
Acti51, 0, 0, 0.001, 0.001, 0, 0, 0, 0, 0
Acti52, 0, 0, 0.002, 0.002, 0, 0, 0, 0, 0.001
Acti6, 0, 0, 0.002, 0.003, 0, 0, 0, 0, 0.001
Acti7, 0, 0, 0.001, 0.001, 0, 0, 0, 0, 0.001
Acti8, 0, 0, 0.002, 0.004, 0, 0, 0, 0, 0.002
Acti9, 0, 0, 0.002, 0.002, 0, 0, 0, 0, 0.002
Aero1, 0, 0, 0.001, 0.001, 0, 0, 0, 0, 0.001
Aqui1, 0, 0, 0.004, 0.004, 0, 0, 0, 0, 0.004
Aqui2, 0, 0, 0.002, 0.002, 0, 0, 0, 0, 0.002
Aqui3, 0, 0, 0.006, 0.006, 0, 0, 0, 0, 0.005
Aqui5, 0, 0, 0.002, 0.002, 0, 0, 0, 0, 0.001
Arma11, 0, 0, 0.001, 0.001, 0, 0, 0, 0, 0.001
Arma12, 0, 0, 0.002, 0.003, 0, 0, 0, 0, 0.002
Arma13, 0, 0, 0.002, 0.003, 0, 0, 0, 0, 0.002
Arma16, 0, 0, 0.006, 0.01, 0, 0, 0, 0, 0.006
Arma3, 0, 0, 0.005, 0.005, 0, 0, 0, 0, 0.005
Arma6, 0, 0, 0.001, 0.001, 0, 0, 0, 0, 0.001
Arma7, 0, 0, 0.002, 0.003, 0, 0, 0, 0, 0.002
Arma9, 0, 0, 0.002, 0.002, 0, 0, 0, 0, 0.002
Aure1, 0, 0, 0.012, 0.015, 0, 0, 0, 0, 0.007
Aure2, 0, 0, 0.006, 0.004, 0, 0.001, 0, 0, 0
Aure3, 0, 0, 0.006, 0.003, 0, 0, 0, 0, 0.003
B130X1, 0, 0, 0.004, 0.004, 0, 0, 0, 0, 0.004
BMS3X1, 0, 0, 0.002, 0.003, 0, 0, 0, 0, 0.002
Bact1, 0, 0, 0.003, 0.004, 0, 0, 0, 0, 0.002
Bact11, 0, 0, 0.002, 0.003, 0, 0, 0, 0, 0.001
Bact12, 0, 0, 0.004, 0.004, 0, 0, 0, 0, 0.004
Bact14, 0, 0, 0.002, 0.002, 0, 0, 0, 0, 0.002
Bact16, 0, 0, 0.002, 0.003, 0, 0, 0, 0, 0.001
Bact17, 0, 0, 0.002, 0.002, 0, 0, 0, 0, 0.002
Bact18, 0, 0, 0.002, 0.002, 0, 0, 0, 0, 0.002
Bact19, 0, 0, 0.021, 0.01, 0, 0, 0, 0, 0.005
Bact2, 0, 0, 0.003, 0.003, 0, 0, 0, 0, 0.003
Bact21, 0, 0, 0.104, 0.014, 0, 0, 0, 0, 0.003
Bact22, 0, 0, 0.001, 0.001, 0, 0, 0, 0, 0.001
Bact24, 0, 0, 0.003, 0.003, 0, 0, 0, 0, 0.002
Bact25, 0, 0, 0.002, 0.002, 0, 0, 0, 0, 0.001
Bact27, 1, 0, 0.017, 0.694, 1, 0, 1, 0.962, 0.038
Bact29, 1, 0, 0.002, 0.001, 1, 0, 1, 1, 0.001
Bact3, 0, 0, 0.001, 0.001, 0, 0, 0, 0, 0.001
Bact30, 0, 0, 0.002, 0.002, 0, 0, 0, 0, 0.002
Bact31, 0, 0, 0.004, 0.004, 0, 0, 0, 0, 0.003
Bact33, 0, 0, 0.001, 0.001, 0, 0, 0, 0, 0
Bact34, 0, 0, 0.001, 0.002, 0, 0, 0, 0, 0.001
Bact35, 0, 0, 0.253, 0.063, 0, 0, 0, 0, 0.002
Bact36, 0, 0, 0.003, 0.002, 0, 0, 0, 0, 0.001
Bact37, 0, 0, 0.001, 0.001, 0, 0, 0, 0, 0.001
Bact38, 0, 0, 0.004, 0.004, 0, 0, 0, 0, 0.003
Bact39, 0, 0, 0.004, 0.003, 0, 0, 0, 0, 0.003
Bact40, 1, 0, 0.004, 0.039, 1, 0, 1, 0.997, 0.003
Bact41, 1, 0, 0.005, 0.005, 1, 0, 1, 0.997, 0.004
Bact42, 0, 0, 0.001, 0.002, 0, 0, 0, 0, 0.001
Bact43, 0, 0, 0.007, 0.007, 0, 0, 0, 0, 0.005
Bact44, 0, 0, 0.005, 0.003, 0, 0, 0, 0, 0.002
Bact5, 0, 0, 0.003, 0.003, 0, 0, 0, 0, 0.002
Bact6, 0, 0, 0.002, 0.001, 0, 0, 0, 0, 0.001
Bact7, 0, 0, 0.002, 0.001, 0, 0, 0, 0, 0.001
Bact8, 0, 0, 0.003, 0.003, 0, 0, 0, 0, 0.002
Bact9, 1, 0, 0.001, 0, 1, 0, 1, 1, 0
Bdell10, 0, 0, 0.002, 0.002, 0, 0, 0, 0, 0.002
Bdell11, 0, 0, 0.001, 0.003, 0, 0, 0, 0, 0.001
Bdell12, 0, 0, 0.002, 0.002, 0, 0, 0, 0, 0.002
Bdell15, 0, 0, 0.001, 0.002, 0, 0, 0, 0, 0.001
Bdell16, 0, 0, 0.002, 0.004, 0, 0, 0, 0, 0.002
Bdell17, 0, 0, 0.001, 0.001, 0, 0, 0, 0, 0.001
Bdell2, 0, 0, 0.001, 0.001, 0, 0, 0, 0, 0.001
Bdell3, 0, 0, 0.002, 0.002, 0, 0, 0, 0, 0.002
Bdell4, 0, 0, 0.002, 0.004, 0, 0, 0, 0, 0.002
Bdell7, 0, 0, 0.004, 0.005, 0, 0, 0, 0, 0.004
Bdell9, 0, 0, 0.001, 0.001, 0, 0, 0, 0, 0.001
BdellC1, 0, 0, 0.001, 0.001, 0, 0, 0, 0, 0
BdellC2, 0, 0, 0.003, 0.003, 0, 0, 0, 0, 0.002
Bipo1, 0, 0, 0.002, 0.002, 0, 0, 0, 0, 0.002
Bipo2, 0, 0, 0.001, 0.001, 0, 0, 0, 0, 0.001
CG267X1, 0, 0, 0.001, 0.001, 0, 0, 0, 0, 0.001
CG294X1, 0, 0, 0.003, 0.003, 0, 0, 0, 0, 0.003
CSP1X1, 0, 0, 0.002, 0.002, 0, 0, 0, 0, 0.002
Calda1, 0, 0, 0.003, 0.003, 0, 0, 0, 0, 0.002
Calda2, 0, 0, 0.004, 0.006, 0, 0, 0, 0, 0.003
Caldit1, 0, 0, 0.001, 0, 0, 0, 0, 0, 0
Caldit2, 0, 0, 0.004, 0.005, 0, 0, 0, 0, 0.003
Caldit3, 0, 0, 0.002, 0.002, 0, 0, 0, 0, 0.001
Camp1, 0, 0, 0.001, 0.002, 0, 0, 0, 0, 0.001
Camp10, 0, 0, 0.002, 0.002, 0, 0, 0, 0, 0.001
Camp11, 0, 0, 0.001, 0.001, 0, 0, 0, 0, 0.001
Camp14, 0, 0, 0.001, 0.001, 0, 0, 0, 0, 0.001
Camp15, 0, 0, 0.001, 0.001, 0, 0, 0, 0, 0.001
Camp16, 0, 0, 0.004, 0.004, 0, 0, 0, 0, 0.003
Camp2, 0, 0, 0.002, 0.002, 0, 0, 0, 0, 0.002
Camp3, 0, 0, 0.003, 0.003, 0, 0, 0, 0, 0.003
Camp4, 0, 0, 0.003, 0.003, 0, 0, 0, 0, 0.002
Camp5, 0, 0, 0.001, 0, 0, 0, 0, 0, 0
Camp6, 0, 0, 0.001, 0.001, 0, 0, 0, 0, 0.001
Camp7, 0, 0, 0.003, 0.002, 0, 0, 0, 0, 0
Camp9, 0, 0, 0.001, 0.002, 0, 0, 0, 0, 0.001
Chlo10, 0, 0, 0.004, 0.002, 0, 0, 0, 0, 0.002
Chlo11, 0, 0, 0.001, 0, 0, 0, 0, 0, 0
Chlo12, 0, 0, 0.002, 0.002, 0, 0, 0, 0, 0.001
Chlo14, 0, 0, 0.003, 0.005, 0, 0, 0, 0, 0.002
Chlo15, 0, 0, 0.003, 0.003, 0, 0, 0, 0, 0.001
Chlo16, 0, 0, 0.001, 0, 0, 0, 0, 0, 0
Chlo17, 0, 0, 0.001, 0.001, 0, 0, 0, 0, 0.001
Chlo18, 0, 0, 0.002, 0.002, 0, 0, 0, 0, 0.002
Chlo19, 0, 0, 0.002, 0.002, 0, 0, 0, 0, 0.001
Chlo20, 0, 0, 0.003, 0.003, 0, 0, 0, 0, 0.003
Chlo21, 0, 0, 0.001, 0.001, 0, 0, 0, 0, 0.001
Chlo22, 0, 0, 0.006, 0.006, 0, 0, 0, 0, 0.006
Chlo23, 0, 0, 0.002, 0.002, 0, 0, 0, 0, 0.002
Chlo24, 0, 0, 0.003, 0.004, 0, 0, 0, 0, 0.002
Chlo26, 0, 0, 0.001, 0.002, 0, 0, 0, 0, 0
Chlo27, 0, 0, 0.002, 0.001, 0, 0, 0, 0, 0
Chlo28, 0, 0, 0.003, 0.003, 0, 0, 0, 0, 0.002
Chlo29, 0, 0, 0.002, 0.002, 0, 0, 0, 0, 0.002
Chlo30, 0, 0, 0.002, 0.002, 0, 0, 0, 0, 0.001
Chlo31, 0, 0, 0.001, 0.001, 0, 0, 0, 0, 0.001
Chlo32, 0, 0, 0.002, 0.002, 0, 0, 0, 0, 0.002
Chlo33, 0, 0, 0.001, 0.001, 0, 0, 0, 0, 0.001
Chlo34, 0, 0, 0.001, 0.001, 0, 0, 0, 0, 0.001
Chlo35, 0, 0, 0.002, 0.002, 0, 0, 0, 0, 0.002
Chlo36, 0, 0, 0.001, 0.001, 0, 0, 0, 0, 0.001
Chlo37, 0, 0, 0.002, 0.001, 0, 0, 0, 0, 0.001
Chlo38, 0, 0, 0.002, 0.002, 0, 0, 0, 0, 0.001
Chlo39, 0, 0, 0.005, 0.006, 0, 0, 0, 0, 0.003
Chlo4, 0, 0, 0.002, 0.002, 0, 0, 0, 0, 0.002
Chlo40, 0, 0, 0.002, 0.003, 0, 0, 0, 0, 0.002
Chlo41, 0, 0, 0.003, 0.001, 0, 0, 0, 0, 0.001
Chlo42, 0, 0, 0.001, 0.001, 0, 0, 0, 0, 0.001
Chlo43, 0, 0, 0.001, 0.002, 0, 0, 0, 0, 0.001
Chlo44, 0, 0, 0.002, 0.002, 0, 0, 0, 0, 0.002
Chlo45, 0, 0, 0.001, 0.002, 0, 0, 0, 0, 0.001
Chlo46, 0, 0, 0.003, 0.005, 0, 0, 0, 0, 0.003
Chlo47, 0, 0, 0.002, 0.002, 0, 0, 0, 0, 0.002
Chlo48, 0, 0, 0.003, 0.003, 0, 0, 0, 0, 0.001
Chlo5, 0, 0, 0.004, 0.004, 0, 0, 0, 0, 0.003
Chlo7, 0, 0, 0.002, 0.003, 0, 0, 0, 0, 0
Chry1, 0, 0, 0.004, 0.004, 0, 0, 0, 0, 0.004
Cloa1, 0, 0, 0.002, 0.002, 0, 0, 0, 0, 0.002
Cyan1, 0, 0, 0.001, 0.001, 0, 0, 0, 0, 0.001
Cyan10, 0, 0, 0.003, 0.004, 0, 0, 0, 0, 0.003
Cyan11, 0, 0, 0.001, 0, 0, 0, 0, 0, 0
Cyan13, 0, 0, 0.003, 0.004, 0, 0, 0, 0, 0.002
Cyan14, 0, 0, 0.003, 0.002, 0, 0, 0, 0, 0.001
Cyan15, 0, 0, 0.002, 0.002, 0, 0, 0, 0, 0
Cyan18, 0, 0, 0.001, 0, 0, 0, 0, 0, 0
Cyan2, 0, 0, 0.001, 0.001, 0, 0, 0, 0, 0.001
Cyan20, 0, 0, 0.003, 0.004, 0, 0, 0, 0, 0.003
Cyan21, 0, 0, 0.002, 0.002, 0, 0, 0, 0, 0.002
Cyan22, 0, 0, 0.001, 0.001, 0, 0, 0, 0, 0.001
Cyan23, 0, 0, 0.002, 0.001, 0, 0, 0, 0, 0.001
Cyan24, 0, 0, 0.001, 0.001, 0, 0, 0, 0, 0.001
Cyan25, 0, 0, 0.001, 0.001, 0, 0, 0, 0, 0.001
Cyan26, 0, 0, 0.003, 0.004, 0, 0, 0, 0, 0.002
Cyan27, 0, 0, 0.002, 0.003, 0, 0, 0, 0, 0.001
Cyan28, 0, 0, 0.002, 0.002, 0, 0, 0, 0, 0.002
Cyan3, 0, 0, 0.001, 0.001, 0, 0, 0, 0, 0.001
Cyan30, 0, 0, 0.002, 0.002, 0, 0, 0, 0, 0.002
Cyan31, 0, 0, 0.003, 0.003, 0, 0, 0, 0, 0.003
Cyan32, 0, 0, 0.002, 0.002, 0, 0, 0, 0, 0.002
Cyan35, 0, 0, 0.001, 0.001, 0, 0, 0, 0, 0.001
Cyan36, 0, 0, 0.002, 0.003, 0, 0, 0, 0, 0.002
Cyan37, 0, 0, 0.003, 0.002, 0, 0, 0, 0, 0.002
Cyan38, 0, 0, 0.003, 0.003, 0, 0, 0, 0, 0.003
Cyan4, 0, 0, 0.002, 0.002, 0, 0, 0, 0, 0.002
Cyan40, 0, 0, 0.001, 0.001, 0, 0, 0, 0, 0
Cyan41, 0, 0, 0.003, 0.003, 0, 0, 0, 0, 0.003
Cyan42, 0, 0, 0.002, 0.002, 0, 0, 0, 0, 0.002
Cyan43, 0, 0, 0.001, 0.002, 0, 0, 0, 0, 0.001
Cyan44, 0, 0, 0.002, 0.002, 0, 0, 0, 0, 0.002
Cyan45, 0, 0, 0.001, 0.001, 0, 0, 0, 0, 0.001
Cyan46, 0, 0, 0.002, 0.002, 0, 0, 0, 0, 0.002
Cyan7, 0, 0, 0.001, 0.001, 0, 0, 0, 0, 0.001
Cyan8, 0, 0, 0.003, 0.003, 0, 0, 0, 0, 0.003
DTU0X1, 0, 0, 0.002, 0.002, 0, 0, 0, 0, 0.002
Defe1, 0, 0, 0.001, 0.001, 0, 0, 0, 0, 0.001
Defe2, 0, 0, 0.001, 0.001, 0, 0, 0, 0, 0.001
Defe3, 0, 0, 0.001, 0.001, 0, 0, 0, 0, 0.001
Dein2, 0, 0, 0.002, 0.002, 0, 0, 0, 0, 0.002
Dein3, 0, 0, 0.002, 0.002, 0, 0, 0, 0, 0.002
Dein4, 0, 0, 0.002, 0.003, 0, 0, 0, 0, 0.002
Dein7, 0, 0, 0.001, 0.001, 0, 0, 0, 0, 0.001
Desa1, 0, 0, 0.004, 0.004, 0, 0, 0, 0, 0.003
DesuB2, 0, 0, 0.002, 0.002, 0, 0, 0, 0, 0.002
DesuB3, 0, 0, 0.002, 0, 0, 0, 0, 0, 0
DesuB4, 0, 0, 0.002, 0.002, 0, 0, 0, 0, 0
DesuC1, 0, 0, 0.001, 0.001, 0, 0, 0, 0, 0.001
DesuC2, 0, 0, 0.001, 0.001, 0, 0, 0, 0, 0.001
DesuD1, 0, 0, 0.001, 0.001, 0, 0, 0, 0, 0.001
Desua1, 0, 0, 0.004, 0.003, 0, 0, 0, 0, 0.003
Desua10, 0, 0, 0.002, 0.002, 0, 0, 0, 0, 0.002
Desua13, 0, 0, 0.001, 0.001, 0, 0, 0, 0, 0.001
Desua16, 0, 0, 0.003, 0.004, 0, 0, 0, 0, 0.003
Desua17, 0, 0, 0.001, 0.001, 0, 0, 0, 0, 0.001
Desua18, 0, 0, 0.004, 0.006, 0, 0, 0, 0, 0.003
Desua19, 0, 0, 0.002, 0.001, 0, 0, 0, 0, 0.001
Desua20, 0, 0, 0.002, 0.003, 0, 0, 0, 0, 0.002
Desua21, 0, 0, 0.003, 0.004, 0, 0, 0, 0, 0.003
Desua22, 0, 0, 0.002, 0.002, 0, 0, 0, 0, 0.002
Desua23, 0, 0, 0.001, 0.001, 0, 0, 0, 0, 0.001
Desua24, 0, 0, 0.001, 0.002, 0, 0, 0, 0, 0.001
Desua26, 0, 0, 0.001, 0.001, 0, 0, 0, 0, 0.001
Desua28, 0, 0, 0.002, 0.003, 0, 0, 0, 0, 0.002
Desua29, 0, 0, 0.004, 0.005, 0, 0, 0, 0, 0.003
Desua3, 0, 0, 0.004, 0.004, 0, 0, 0, 0, 0.004
Desua30, 0, 0, 0.001, 0.001, 0, 0, 0, 0, 0.001
Desua31, 0, 0, 0.001, 0.001, 0, 0, 0, 0, 0.001
Desua32, 0, 0, 0.002, 0.006, 0, 0, 0, 0, 0.002
Desua33, 0, 0, 0.001, 0.001, 0, 0, 0, 0, 0
Desua34, 0, 0, 0.002, 0.002, 0, 0, 0, 0, 0.001
Desua35, 0, 0, 0.001, 0.001, 0, 0, 0, 0, 0.001
Desua36, 0, 0, 0.004, 0.001, 0, 0, 0, 0, 0.001
Desua37, 0, 0, 0.004, 0.004, 0, 0, 0, 0, 0.004
Desua38, 0, 0, 0.004, 0.004, 0, 0, 0, 0, 0.001
Desua39, 0, 0, 0.001, 0, 0, 0, 0, 0, 0
Desua4, 0, 0, 0.003, 0.003, 0, 0, 0, 0, 0.003
Desua40, 0, 0, 0.002, 0.002, 0, 0, 0, 0, 0.002
Desua43, 0, 0, 0.001, 0.002, 0, 0, 0, 0, 0.001
Desua44, 0, 0, 0.002, 0, 0, 0, 0, 0, 0
Desua45, 0, 0, 0.001, 0.001, 0, 0, 0, 0, 0.001
Desua46, 0, 0, 0.001, 0.001, 0, 0, 0, 0, 0.001
Desua47, 0, 0, 0.001, 0, 0, 0, 0, 0, 0
Desua48, 0, 0, 0.002, 0.001, 0, 0, 0, 0, 0.001
Desua50, 0, 0, 0.001, 0.001, 0, 0, 0, 0, 0.001
Desua51, 0, 0, 0.002, 0.002, 0, 0, 0, 0, 0.001
Desua53, 0, 0, 0.001, 0.001, 0, 0, 0, 0, 0
Desua6, 0, 0, 0.006, 0.005, 0, 0, 0, 0, 0.002
Desua7, 0, 0, 0.007, 0.004, 0, 0, 0, 0, 0.003
Desua8, 0, 0, 0.002, 0.002, 0, 0, 0, 0, 0.002
Desua9, 0, 0, 0.002, 0.004, 0, 0, 0, 0, 0.002
Dict1, 0, 0, 0.001, 0.001, 0, 0, 0, 0, 0.001
Dorm1, 0, 0, 0.001, 0.002, 0, 0, 0, 0, 0.001
Dorm2, 0, 0, 0.002, 0.002, 0, 0, 0, 0, 0.002
Dorm3, 0, 0, 0.002, 0.003, 0, 0, 0, 0, 0.002
Dorm4, 0, 0, 0.004, 0.003, 0, 0, 0, 0, 0.002
Dorm5, 0, 0, 0.005, 0.005, 0, 0, 0, 0, 0.002
Edwa1, 0, 0, 0.003, 0.003, 0, 0, 0, 0, 0.003
Eise1, 0, 0, 0.001, 0.001, 0, 0, 0, 0, 0.001
Eise2, 0, 0, 0.001, 0.001, 0, 0, 0, 0, 0.001
Eise3, 0, 0, 0.004, 0.004, 0, 0, 0, 0, 0.004
Elus3, 0, 0, 0.002, 0.002, 0, 0, 0, 0, 0.001
Elus4, 0, 0, 0.003, 0.004, 0, 0, 0, 0, 0.003
Elus5, 0, 0, 0.003, 0.006, 0, 0, 0, 0, 0.003
Elus6, 0, 0, 0.001, 0.001, 0, 0, 0, 0, 0.001
Elus7, 0, 0, 0.001, 0.001, 0, 0, 0, 0, 0.001
Elus9, 0, 0, 0.001, 0.001, 0, 0, 0, 0, 0.001
Erem2, 0, 0, 0.001, 0.001, 0, 0, 0, 0, 0.001
Erem3, 0, 0, 0.003, 0.002, 0, 0, 0, 0, 0.001
Erem4, 0, 0, 0.002, 0.002, 0, 0, 0, 0, 0.002
Erem5, 0, 0, 0.001, 0.001, 0, 0, 0, 0, 0.001
Erem6, 0, 0, 0.001, 0.001, 0, 0, 0, 0, 0.001
FCPU1, 0, 0, 0.002, 0.002, 0, 0, 0, 0, 0.002
Ferm1, 0, 0, 0.002, 0.002, 0, 0, 0, 0, 0.002
Fibr1, 0, 0, 0.006, 0.006, 0, 0, 0, 0, 0.006
Fibr6, 0, 0, 0.002, 0.002, 0, 0, 0, 0, 0.002
Fire1, 0, 0, 0.001, 0.001, 0, 0, 0, 0, 0.001
FirmA1, 0, 0, 0.001, 0.001, 0, 0, 0, 0, 0.001
FirmA10, 0, 0, 0.003, 0.003, 0, 0, 0, 0, 0.003
FirmA100, 0, 0, 0.004, 0.003, 0, 0, 0, 0, 0.002
FirmA101, 0, 0, 0.001, 0.001, 0, 0, 0, 0, 0.001
FirmA102, 0, 0, 0.001, 0.001, 0, 0, 0, 0, 0.001
FirmA105, 0, 0, 0.001, 0.001, 0, 0, 0, 0, 0
FirmA108, 0, 0, 0.001, 0, 0, 0, 0, 0, 0
FirmA109, 0, 0, 0.002, 0.001, 0, 0, 0, 0, 0.001
FirmA11, 0, 0, 0.001, 0.001, 0, 0, 0, 0, 0.001
FirmA111, 0, 0, 0.002, 0.002, 0, 0, 0, 0, 0.001
FirmA112, 0, 0, 0.001, 0.001, 0, 0, 0, 0, 0.001
FirmA113, 0, 0, 0.001, 0.001, 0, 0, 0, 0, 0.001
FirmA114, 0, 0, 0.002, 0.002, 0, 0, 0, 0, 0.002
FirmA12, 0, 0, 0.005, 0.004, 0, 0, 0, 0, 0.002
FirmA14, 0, 0, 0.001, 0.001, 0, 0, 0, 0, 0.001
FirmA16, 0, 0, 0.001, 0.001, 0, 0, 0, 0, 0.001
FirmA19, 0, 0, 0.001, 0.002, 0, 0, 0, 0, 0.001
FirmA2, 0, 0, 0.001, 0.001, 0, 0, 0, 0, 0.001
FirmA20, 0, 0, 0.004, 0.003, 0, 0, 0, 0, 0.002
FirmA21, 0, 0, 0.001, 0.001, 0, 0, 0, 0, 0.001
FirmA24, 0, 0, 0.001, 0.002, 0, 0, 0, 0, 0.001
FirmA25, 0, 0, 0.002, 0.002, 0, 0, 0, 0, 0.002
FirmA26, 0, 0, 0.001, 0.001, 0, 0, 0, 0, 0.001
FirmA27, 0, 0, 0.001, 0.001, 0, 0, 0, 0, 0.001
FirmA28, 0, 0, 0.004, 0.004, 0, 0, 0, 0, 0.003
FirmA29, 0, 0, 0.001, 0.002, 0, 0, 0, 0, 0
FirmA31, 0, 0, 0.005, 0.002, 0, 0, 0, 0, 0.002
FirmA33, 0, 0, 0.001, 0.001, 0, 0, 0, 0, 0.001
FirmA34, 0, 0, 0.003, 0.003, 0, 0, 0, 0, 0.002
FirmA36, 0, 0, 0.001, 0.002, 0, 0, 0, 0, 0.001
FirmA37, 0, 0, 0.002, 0.002, 0, 0, 0, 0, 0.002
FirmA38, 0, 0, 0.006, 0.007, 0, 0, 0, 0, 0.006
FirmA39, 0, 0, 0.002, 0.001, 0, 0, 0, 0, 0.001
FirmA41, 0, 0, 0.002, 0.002, 0, 0, 0, 0, 0.002
FirmA43, 0, 0, 0.005, 0.006, 0, 0, 0, 0, 0.004
FirmA44, 0, 0, 0.002, 0.002, 0, 0, 0, 0, 0.001
FirmA46, 0, 0, 0.005, 0.005, 0, 0, 0, 0, 0.005
FirmA47, 0, 0, 0.001, 0.001, 0, 0, 0, 0, 0.001
FirmA48, 0, 0, 0.005, 0.005, 0, 0, 0, 0, 0.002
FirmA5, 0, 0, 0.003, 0.003, 0, 0, 0, 0, 0.002
FirmA51, 0, 0, 0.001, 0, 0, 0, 0, 0, 0
FirmA56, 0, 0, 0.001, 0.001, 0, 0, 0, 0, 0.001
FirmA57, 0, 0, 0.001, 0.001, 0, 0, 0, 0, 0.001
FirmA58, 0, 0, 0.001, 0.001, 0, 0, 0, 0, 0.001
FirmA59, 0, 0, 0.005, 0.004, 0, 0, 0, 0, 0.002
FirmA61, 0, 0, 0.002, 0.001, 0, 0, 0, 0, 0.001
FirmA63, 0, 0, 0.002, 0.001, 0, 0, 0, 0, 0.001
FirmA64, 0, 0, 0.001, 0.001, 0, 0, 0, 0, 0.001
FirmA65, 0, 0, 0.002, 0.002, 0, 0, 0, 0, 0.001
FirmA66, 0, 0, 0.003, 0.004, 0, 0, 0, 0, 0.002
FirmA67, 0, 0, 0.003, 0.004, 0, 0, 0, 0, 0.003
FirmA68, 0, 0, 0.002, 0.001, 0, 0, 0, 0, 0.001
FirmA69, 0, 0, 0.003, 0.004, 0, 0, 0, 0, 0.002
FirmA7, 0, 0, 0.004, 0.006, 0, 0, 0, 0, 0.003
FirmA70, 0, 0, 0.002, 0.002, 0, 0, 0, 0, 0.002
FirmA73, 0, 0, 0.001, 0.001, 0, 0, 0, 0, 0.001
FirmA74, 0, 0, 0.003, 0.003, 0, 0, 0, 0, 0.003
FirmA75, 0, 0, 0.001, 0, 0, 0, 0, 0, 0
FirmA78, 0, 0, 0.004, 0.005, 0, 0, 0, 0, 0.004
FirmA79, 0, 0, 0.001, 0.001, 0, 0, 0, 0, 0.001
FirmA8, 0, 0, 0.002, 0.002, 0, 0, 0, 0, 0.002
FirmA80, 0, 0, 0.001, 0, 0, 0, 0, 0, 0
FirmA83, 0, 0, 0.001, 0.001, 0, 0, 0, 0, 0.001
FirmA84, 0, 0, 0.003, 0.003, 0, 0, 0, 0, 0.003
FirmA85, 0, 0, 0.001, 0.001, 0, 0, 0, 0, 0.001
FirmA86, 0, 0, 0.003, 0.002, 0, 0, 0, 0, 0.001
FirmA87, 0, 0, 0.001, 0.001, 0, 0, 0, 0, 0.001
FirmA9, 0, 0, 0.001, 0.001, 0, 0, 0, 0, 0.001
FirmA90, 0, 0, 0.001, 0.001, 0, 0, 0, 0, 0.001
FirmA91, 0, 0, 0.001, 0.001, 0, 0, 0, 0, 0.001
FirmA93, 0, 0, 0.003, 0.001, 0, 0, 0, 0, 0
FirmA94, 0, 0, 0.001, 0.001, 0, 0, 0, 0, 0
FirmA95, 0, 0, 0.002, 0.003, 0, 0, 0, 0, 0.001
FirmA97, 0, 0, 0.004, 0.005, 0, 0, 0, 0, 0.004
FirmA99, 0, 0, 0.002, 0.002, 0, 0, 0, 0, 0.002
FirmB1, 0, 0, 0.001, 0.001, 0, 0, 0, 0, 0.001
FirmB10, 0, 0, 0.001, 0.001, 0, 0, 0, 0, 0
FirmB11, 0, 0, 0.001, 0.002, 0, 0, 0, 0, 0.001
FirmB13, 0, 0, 0.003, 0.002, 0, 0, 0, 0, 0.002
FirmB14, 0, 0, 0.001, 0.001, 0, 0, 0, 0, 0.001
FirmB15, 0, 0, 0.001, 0.001, 0, 0, 0, 0, 0.001
FirmB16, 0, 0, 0.001, 0.001, 0, 0, 0, 0, 0
FirmB17, 0, 0, 0.001, 0.001, 0, 0, 0, 0, 0.001
FirmB4, 0, 0, 0.001, 0.001, 0, 0, 0, 0, 0.001
FirmB5, 0, 0, 0.001, 0.001, 0, 0, 0, 0, 0.001
FirmB6, 0, 0, 0.002, 0.002, 0, 0, 0, 0, 0.002
FirmB7, 0, 0, 0.002, 0.002, 0, 0, 0, 0, 0.002
FirmB8, 0, 0, 0.002, 0.003, 0, 0, 0, 0, 0.002
FirmB9, 0, 0, 0.003, 0.002, 0, 0, 0, 0, 0.002
FirmC1, 0, 0, 0.002, 0, 0, 0, 0, 0, 0
FirmC10, 0, 0, 0.002, 0.002, 0, 0, 0, 0, 0.001
FirmC11, 0, 0, 0.001, 0, 0, 0, 0, 0, 0
FirmC12, 0, 0, 0.001, 0.001, 0, 0, 0, 0, 0.001
FirmC13, 0, 0, 0.001, 0.001, 0, 0, 0, 0, 0.001
FirmC14, 0, 0, 0.003, 0.003, 0, 0, 0, 0, 0.002
FirmC15, 0, 0, 0.001, 0.001, 0, 0, 0, 0, 0.001
FirmC16, 0, 0, 0.004, 0.004, 0, 0, 0, 0, 0.003
FirmC19, 0, 0, 0.002, 0.002, 0, 0, 0, 0, 0.002
FirmC3, 0, 0, 0.004, 0.005, 0, 0, 0, 0, 0.003
FirmC4, 0, 0, 0.002, 0.003, 0, 0, 0, 0, 0
FirmC5, 0, 0, 0.002, 0.002, 0, 0, 0, 0, 0.002
FirmC6, 0, 0, 0.001, 0, 0, 0, 0, 0, 0
FirmC7, 0, 0, 0.002, 0, 0, 0, 0, 0, 0
FirmC8, 0, 0, 0.001, 0.001, 0, 0, 0, 0, 0.001
FirmD1, 0, 0, 0.006, 0.003, 0, 0, 0, 0, 0.002
FirmD2, 0, 0, 0.001, 0, 0, 0, 0, 0, 0
FirmD3, 0, 0, 0.004, 0.004, 0, 0, 0, 0, 0.003
FirmD4, 0, 0, 0.002, 0.001, 0, 0, 0, 0, 0.001
FirmE1, 0, 0, 0.001, 0.001, 0, 0, 0, 0, 0.001
FirmE2, 0, 0, 0.002, 0.003, 0, 0, 0, 0, 0.002
FirmE3, 0, 0, 0.002, 0.002, 0, 0, 0, 0, 0.002
FirmE4, 0, 0, 0.001, 0.002, 0, 0, 0, 0, 0.001
FirmE6, 0, 0, 0.002, 0.003, 0, 0, 0, 0, 0.002
FirmE7, 0, 0, 0.003, 0.004, 0, 0, 0, 0, 0.002
FirmE8, 0, 0, 0.003, 0.002, 0, 0, 0, 0, 0.002
FirmF1, 0, 0, 0.005, 0.006, 0, 0, 0, 0, 0.005
FirmF2, 0, 0, 0.003, 0.003, 0, 0, 0, 0, 0.002
FirmF3, 0, 0, 0.003, 0.002, 0, 0, 0, 0, 0.002
FirmG1, 0, 0, 0.002, 0.002, 0, 0, 0, 0, 0.002
FirmG2, 0, 0, 0.001, 0.001, 0, 0, 0, 0, 0.001
FirmG3, 0, 0, 0.003, 0.003, 0, 0, 0, 0, 0.003
FirmG4, 0, 0, 0.002, 0.002, 0, 0, 0, 0, 0.001
FirmG5, 0, 0, 0.003, 0.004, 0, 0, 0, 0, 0.003
FirmG6, 0, 0, 0.002, 0.002, 0, 0, 0, 0, 0.002
Firms1, 0, 0, 0.006, 0.006, 0, 0, 0, 0, 0.005
Firms10, 0, 0, 0.001, 0, 0, 0, 0, 0, 0
Firms11, 0, 0, 0.217, 0.05, 0, 0, 0, 0, 0.001
Firms12, 0, 0, 0.002, 0.002, 0, 0, 0, 0, 0.002
Firms16, 0, 0, 0.004, 0.002, 0, 0, 0, 0, 0.002
Firms17, 1, 0, 0.002, 0.283, 1, 0, 1, 0.216, 0.786
Firms18, 0, 0, 0.002, 0.002, 0, 0, 0, 0, 0.001
Firms2, 0, 0, 0.003, 0.003, 0, 0, 0, 0, 0.002
Firms20, 0, 0, 0.001, 0.001, 0, 0, 0, 0, 0.001
Firms21, 0, 0, 0.001, 0.003, 0, 0, 0, 0, 0
Firms22, 0, 0, 0.001, 0.001, 0, 0, 0, 0, 0.001
Firms23, 0, 0, 0.002, 0.001, 0, 0, 0, 0, 0.001
Firms24, 0, 0, 0.004, 0.003, 0, 0, 0, 0, 0
Firms25, 0, 0, 0.002, 0.003, 0, 0, 0, 0, 0.001
Firms26, 0, 0, 0.004, 0.001, 0, 0, 0, 0, 0
Firms28, 0, 0, 0.003, 0.003, 0, 0, 0, 0, 0.002
Firms29, 0, 0, 0.001, 0.001, 0, 0, 0, 0, 0.001
Firms3, 0, 0, 0.003, 0.004, 0, 0, 0, 0, 0.002
Firms31, 0, 0, 0.002, 0.003, 0, 0, 0, 0, 0.002
Firms32, 0, 0, 0.004, 0.004, 0, 0, 0, 0, 0.003
Firms33, 0, 0, 0.002, 0.002, 0, 0, 0, 0, 0.002
Firms4, 1, 0, 0.003, 0.298, 1, 0, 1, 0.154, 0.849
Firms5, 0, 0, 0.003, 0.002, 0, 0, 0, 0, 0.001
Firms6, 0, 0, 0.003, 0.002, 0, 0, 0, 0, 0.002
Firms7, 0, 0, 0.007, 0.004, 0, 0, 0, 0, 0.001
Firms8, 0, 0, 0.016, 0.008, 0, 0, 0, 0, 0
Firms9, 0, 0, 0.001, 0.001, 0, 0, 0, 0, 0.001
Fuso2, 0, 0, 0.002, 0.002, 0, 0, 0, 0, 0.002
Gemm2, 0, 0, 0.001, 0.001, 0, 0, 0, 0, 0
Gemm3, 0, 0, 0.002, 0.002, 0, 0, 0, 0, 0.002
Gemm4, 0, 0, 0.002, 0.002, 0, 0, 0, 0, 0.001
Gemm5, 0, 0, 0.003, 0.003, 0, 0, 0, 0, 0.003
Gemm6, 0, 0, 0.001, 0.001, 0, 0, 0, 0, 0.001
Gemm7, 0, 0, 0.001, 0.001, 0, 0, 0, 0, 0
GemmA1, 0, 0, 0.002, 0.002, 0, 0, 0, 0, 0.002
Gold1, 0, 0, 0.002, 0.001, 0, 0, 0, 0, 0.001
Gold2, 0, 0, 0.003, 0.004, 0, 0, 0, 0, 0.002
Hydr1, 0, 0, 0.002, 0.002, 0, 0, 0, 0, 0.002
Hydr2, 0, 0, 0.002, 0.003, 0, 0, 0, 0, 0.002
J088X1, 0, 0, 0.003, 0.004, 0, 0, 0, 0, 0.002
KSB1X1, 0, 0, 0.001, 0.001, 0, 0, 0, 0, 0.001
KSB1X2, 0, 0, 0.001, 0, 0, 0, 0, 0, 0
KSB1X4, 0, 0, 0.001, 0.002, 0, 0, 0, 0, 0
Krum1, 0, 0, 0.001, 0.001, 0, 0, 0, 0, 0.001
Late1, 0, 0, 0.001, 0.001, 0, 0, 0, 0, 0.001
Late2, 0, 0, 0.001, 0.001, 0, 0, 0, 0, 0.001
Late3, 0, 0, 0.001, 0.001, 0, 0, 0, 0, 0.001
Lind1, 0, 0, 0.004, 0.005, 0, 0, 0, 0, 0.004
Lind2, 0, 0, 0.001, 0.002, 0, 0, 0, 0, 0.001
Lind4, 0, 0, 0.002, 0.002, 0, 0, 0, 0, 0.002
Marg2, 0, 0, 0.003, 0.003, 0, 0, 0, 0, 0.002
Marg6, 0, 0, 0.007, 0.007, 0, 0.001, 0, 0, 0.006
Marg7, 0, 0, 0.004, 0.004, 0, 0, 0, 0, 0.003
Mari1, 0, 0, 0.001, 0.001, 0, 0, 0, 0, 0.001
Mari2, 0, 0, 0.002, 0.002, 0, 0, 0, 0, 0.002
Mari3, 0, 0, 0.001, 0.001, 0, 0, 0, 0, 0.001
Mari5, 0, 0, 0.004, 0.004, 0, 0, 0, 0, 0.004
Mari6, 0, 0, 0.002, 0.002, 0, 0, 0, 0, 0.002
Meth1, 0, 0, 0.003, 0.002, 0, 0, 0, 0, 0.001
Meth2, 0, 0, 0.003, 0.002, 0, 0, 0, 0, 0.001
Meth3, 0, 0, 0.005, 0.001, 0, 0, 0, 0, 0.001
Meth4, 0, 0, 0.005, 0.005, 0, 0, 0, 0, 0.001
Meth5, 0, 0, 0.001, 0, 0, 0, 0, 0, 0
Muir1, 0, 0, 0.002, 0.002, 0, 0, 0, 0, 0.002
MyxA1, 0, 0, 0.003, 0.003, 0, 0, 0, 0, 0.003
MyxA2, 0, 0, 0.001, 0.001, 0, 0, 0, 0, 0.001
MyxA3, 0, 0, 0.002, 0.002, 0, 0, 0, 0, 0.002
MyxA4, 0, 0, 0.001, 0.002, 0, 0, 0, 0, 0.001
Myxo1, 0, 0, 0.001, 0.001, 0, 0, 0, 0, 0.001
Myxo10, 0, 0, 0.044, 0.005, 0, 0, 0, 0, 0.001
Myxo13, 0, 0, 0.002, 0.002, 0, 0, 0, 0, 0.002
Myxo14, 0, 0, 0.004, 0.004, 0, 0, 0, 0, 0.003
Myxo15, 0, 0, 0.182, 0.036, 0, 0, 0, 0, 0.003
Myxo17, 0, 0, 0.001, 0.001, 0, 0, 0, 0, 0
Myxo18, 1, 0, 0.001, 0.168, 1, 0, 1, 0.179, 0.822
Myxo19, 0, 0, 0.001, 0, 0, 0, 0, 0, 0
Myxo2, 0, 0, 0.001, 0.002, 0, 0, 0, 0, 0.001
Myxo3, 0, 0, 0.005, 0.007, 0, 0.001, 0, 0, 0.004
Myxo5, 0, 0, 0.001, 0.001, 0, 0, 0, 0, 0.001
Myxo6, 0, 0, 0.002, 0.002, 0, 0, 0, 0, 0.001
Myxo8, 0, 0, 0.001, 0.002, 0, 0, 0, 0, 0.001
Myxo9, 0, 0, 0.003, 0.004, 0, 0, 0, 0, 0.003
NPL1, 0, 0, 0.001, 0.001, 0, 0, 0, 0, 0.001
Nitr1, 0, 0, 0.003, 0.004, 0, 0, 0, 0, 0.003
Nitr10, 0, 0, 0.001, 0.001, 0, 0, 0, 0, 0.001
Nitr12, 0, 0, 0.001, 0.001, 0, 0, 0, 0, 0.001
Nitr13, 0, 0, 0.001, 0, 0, 0, 0, 0, 0
Nitr16, 0, 0, 0.001, 0.003, 0, 0, 0, 0, 0.001
Nitr17, 0, 0, 0.002, 0.002, 0, 0, 0, 0, 0.001
Nitr2, 0, 0, 0.002, 0.002, 0, 0, 0, 0, 0.002
Nitr3, 0, 0, 0.003, 0.003, 0, 0, 0, 0, 0.003
Nitr5, 0, 0, 0.002, 0.003, 0, 0, 0, 0, 0.001
Nitr6, 0, 0, 0.002, 0.002, 0, 0, 0, 0, 0.002
Nitr9, 0, 0, 0.001, 0.001, 0, 0, 0, 0, 0.001
Nits1, 0, 0, 0.002, 0.003, 0, 0, 0, 0, 0.002
Nits2, 0, 0, 0.001, 0.001, 0, 0, 0, 0, 0.001
Nits3, 0, 0, 0.002, 0.003, 0, 0, 0, 0, 0.002
NitsA1, 0, 0, 0.002, 0.003, 0, 0, 0, 0, 0.002
NitsA2, 0, 0, 0.001, 0.001, 0, 0, 0, 0, 0.001
Node_Acid12_Acid13_0, 0.001, 0, 0, 0, 0.001, 0, 0.001, 0, 0.001
Node_Acid1_Acid17_0, 0.001, 0, 0.001, 0.001, 0.001, 0, 0.001, 0, 0.002
Node_Acid29_Acid27_0, 0, 0, 0.001, 0.001, 0, 0, 0, 0, 0.001
Node_Acid32_Acid25_0, 0.001, 0, 0, 0, 0.001, 0, 0.001, 0, 0.001
Node_Acid32_Acid26_0, 0, 0, 0.003, 0.003, 0, 0, 0, 0, 0.002
Node_Acid34_Acid22_0, 0, 0, 0.001, 0.001, 0, 0, 0, 0, 0.001
Node_Acid34_Acid29_0, 0, 0, 0.002, 0.002, 0, 0, 0, 0, 0.002
Node_Acid34_Acid33_0, 0, 0, 0.002, 0.002, 0, 0, 0, 0, 0.002
Node_Acid37_Acid30_0, 0, 0, 0.002, 0.004, 0, 0, 0, 0, 0.002
Node_Acid38_Acid10_0, 0.001, 0, 0, 0, 0.001, 0, 0.001, 0, 0.001
Node_Acid38_Acid36_0, 0.001, 0, 0, 0, 0.001, 0, 0.001, 0.001, 0
Node_Acid38_Acid40_0, 0.001, 0, 0.004, 0.006, 0.001, 0, 0.001, 0, 0.005
Node_Acid38_Acid4_0, 0.002, 0, 0, 0, 0.002, 0, 0.002, 0.001, 0.001
Node_Acid38_Acid7_0, 0, 0, 0.002, 0.002, 0, 0, 0, 0, 0
Node_Acid39_Acid35_0, 0, 0, 0.001, 0.001, 0, 0, 0, 0, 0.001
Node_Acid3_Acid14_0, 0, 0, 0.002, 0.003, 0, 0, 0, 0, 0.002
Node_Acid3_Acid6_0, 0, 0, 0.001, 0.001, 0, 0, 0, 0, 0.001
Node_Acid40_Acid20_0, 0, 0, 0.003, 0.003, 0, 0, 0, 0, 0.002
Node_Acti10_Acti11_0, 0, 0, 0.001, 0.002, 0, 0, 0, 0, 0
Node_Acti10_Acti26_0, 0.001, 0, 0, 0, 0.001, 0, 0.001, 0, 0.001
Node_Acti10_Acti31_0, 0, 0, 0.001, 0.002, 0, 0, 0, 0, 0.001
Node_Acti10_Acti3_0, 0, 0, 0.002, 0.003, 0, 0, 0, 0, 0.002
Node_Acti12_Acti21_0, 0.001, 0, 0.002, 0.002, 0.001, 0, 0.001, 0, 0.003
Node_Acti12_Acti48_0, 0, 0, 0.003, 0.001, 0, 0, 0, 0, 0.001
Node_Acti14_Acti34_0, 0.001, 0, 0.001, 0.002, 0.001, 0, 0.001, 0, 0.002
Node_Acti14_Acti6_0, 0.001, 0, 0, 0, 0.001, 0, 0.001, 0.001, 0
Node_Acti18_Acti16_0, 0.001, 0, 0.002, 0.003, 0.001, 0, 0.001, 0, 0.003
Node_Acti19_Acti13_0, 0.008, 0, 0.059, 0.017, 0.008, 0, 0.008, 0.006, 0.002
Node_Acti19_Acti23_0, 0.002, 0, 0.008, 0.004, 0.002, 0, 0.002, 0.002, 0.002
Node_Acti19_Acti49_0, 0.065, 0, 0, 0.019, 0.065, 0.001, 0.065, 0.018, 0.047
Node_Acti19_Acti8_0, 0.017, 0, 0, 0.006, 0.017, 0.004, 0.017, 0.004, 0.013
Node_Acti43_Acti36_0, 0, 0, 0.002, 0.004, 0, 0, 0, 0, 0.002
Node_Acti46_Acti41_0, 0.001, 0, 0, 0, 0.001, 0, 0.001, 0, 0.001
Node_Acti47_Acti45_0, 0.001, 0, 0.001, 0.001, 0.001, 0, 0.001, 0.001, 0.001
Node_Acti49_Acti15_0, 0.697, 0, 0.009, 0.005, 0.696, 0, 0.697, 0.696, 0.001
Node_Acti49_Acti32_0, 0.007, 0, 0.74, 0.01, 0.007, 0, 0.007, 0.006, 0.002
Node_Acti49_Acti38_0, 0.745, 0, 0.003, 0.015, 0.745, 0, 0.745, 0.696, 0.051
Node_Acti49_Acti40_0, 0.705, 0, 0.002, 0.247, 0.705, 0.002, 0.705, 0.066, 0.64
Node_Acti50_Acti28_0, 0, 0, 0.003, 0.002, 0, 0, 0, 0, 0.002
Node_Acti50_Acti39_0, 0, 0, 0.001, 0.001, 0, 0.001, 0, 0, 0
Node_Acti50_Acti46_0, 0, 0, 0.001, 0.001, 0, 0, 0, 0, 0.001
Node_Acti50_Acti47_0, 0.001, 0, 0, 0, 0.001, 0, 0.001, 0, 0.001
Node_Acti50_Acti52_0, 0, 0, 0.001, 0.001, 0, 0, 0, 0, 0.001
Node_Acti51_Acti27_0, 0.001, 0, 0.001, 0.002, 0.001, 0, 0.001, 0, 0.002
Node_Acti52_Acti12_0, 0.002, 0, 0.001, 0.001, 0.002, 0, 0.002, 0.001, 0.001
Node_Acti52_Acti37_0, 0.002, 0, 0, 0, 0.002, 0, 0.002, 0, 0.002
Node_Acti52_Acti44_0, 0.001, 0, 0.003, 0.003, 0.001, 0, 0.001, 0.001, 0.002
Node_Acti8_Acti2_0, 0.001, 0, 0.016, 0.002, 0.001, 0, 0.001, 0.001, 0
Node_Acti8_Acti5_0, 0, 0, 0.001, 0, 0, 0, 0, 0, 0
Node_Aero1_UBA6X1_0, 0.001, 0, 0, 0.001, 0.001, 0.001, 0.001, 0.001, 0
Node_Aero1_UBA9X1_0, 0, 0, 0.001, 0, 0, 0, 0, 0, 0
Node_Aqui2_Aqui1_0, 0, 0, 0.001, 0, 0, 0, 0, 0, 0
Node_Aqui2_Aqui3_0, 0.001, 0, 0, 0, 0.001, 0, 0.001, 0.001, 0
Node_Aqui2_Aqui5_0, 0.001, 0, 0.002, 0.002, 0.001, 0, 0.001, 0, 0.003
Node_Aqui2_Aqui6_0, 0, 0, 0.002, 0.001, 0, 0, 0, 0, 0.001
Node_Aqui2_Thers1_0, 0.001, 0, 0, 0, 0.001, 0, 0.001, 0, 0.001
Node_Aqui6_Aqui4_0, 0, 0, 0.001, 0.001, 0, 0, 0, 0, 0.001
Node_Arma12_Arma7_0, 0, 0, 0.001, 0.001, 0, 0, 0, 0, 0.001
Node_Arma15_Arma13_0, 0, 0, 0.001, 0.001, 0, 0, 0, 0, 0.001
Node_Arma4_Arma6_0, 0, 0, 0.001, 0, 0, 0, 0, 0, 0
Node_Arma4_UBP13X1_0, 0.001, 0, 0, 0, 0.001, 0.001, 0.001, 0.001, 0
Node_Arma6_Arma15_0, 0, 0, 0.002, 0.003, 0, 0, 0, 0, 0.002
Node_Aure2_Aure1_0, 0.005, 0, 0.011, 0.006, 0.005, 0, 0.005, 0.005, 0
Node_Bact1_Bact11_0, 0.001, 0, 0.002, 0.002, 0.001, 0, 0.001, 0, 0.003
Node_Bact1_Bact17_0, 0, 0, 0.002, 0.001, 0, 0, 0, 0, 0.001
Node_Bact20_Bact1_0, 0.001, 0, 0, 0.001, 0.001, 0, 0.001, 0.001, 0
Node_Bact20_Bact30_0, 0, 0, 0.004, 0.005, 0, 0, 0, 0, 0.003
Node_Bact21_Bact29_0, 0.101, 0, 0.001, 0.019, 0.101, 0, 0.101, 0.023, 0.079
Node_Bact21_Bact36_0, 0.023, 0, 0, 0.008, 0.023, 0, 0.023, 0.003, 0.02
Node_Bact21_Bact44_0, 0.003, 0, 0.001, 0.001, 0.003, 0, 0.003, 0, 0.004
Node_Bact22_Bact31_0, 0, 0, 0.002, 0.001, 0, 0, 0, 0, 0.001
Node_Bact22_Bact5_0, 0.001, 0, 0.001, 0.001, 0.001, 0, 0.001, 0, 0.002
Node_Bact23_Bact28_0, 0, 0, 0.001, 0.001, 0, 0, 0, 0, 0.001
Node_Bact23_Bact34_0, 0, 0, 0.002, 0.002, 0, 0, 0, 0, 0.002
Node_Bact24_Bact23_0, 0, 0, 0.001, 0.001, 0, 0, 0, 0, 0.001
Node_Bact24_Bact25_0, 0.001, 0, 0, 0, 0.001, 0, 0.001, 0, 0.001
Node_Bact25_Bact20_0, 0.001, 0, 0, 0, 0.001, 0, 0.001, 0, 0.001
Node_Bact25_Bact2_0, 0, 0, 0.002, 0.002, 0, 0, 0, 0, 0.001
Node_Bact27_Bact19_0, 0.016, 0, 0.001, 0.002, 0.016, 0, 0.016, 0, 0.017
Node_Bact27_Bact35_0, 0.251, 0, 0.002, 0.085, 0.251, 0.001, 0.251, 0.017, 0.236
Node_Bact27_Bact40_0, 0.979, 0, 0.002, 0.478, 0.979, 0, 0.979, 0.25, 0.73
Node_Bact29_Bact9_0, 1.001, 0, 0.003, 0.078, 1, 0, 1.001, 0.1, 0.903
Node_Bact30_Bact32_0, 0, 0, 0.002, 0.003, 0, 0, 0, 0, 0.002
Node_Bact31_Bact38_0, 0.001, 0, 0.001, 0.001, 0.001, 0, 0.001, 0, 0.002
Node_Bact33_Bact10_0, 0, 0, 0.004, 0.005, 0, 0, 0, 0, 0.003
Node_Bact33_Bact39_0, 0.001, 0, 0, 0, 0.001, 0, 0.001, 0, 0.001
Node_Bact33_Bact6_0, 0.001, 0, 0, 0.001, 0.001, 0, 0.001, 0, 0.001
Node_Bact36_Bact43_0, 0.002, 0, 0.025, 0.008, 0.002, 0, 0.002, 0.001, 0.004
Node_Bact37_Bact33_0, 0, 0, 0.001, 0.003, 0, 0, 0, 0, 0.001
Node_Bact37_Bact42_0, 0, 0, 0.006, 0.006, 0, 0, 0, 0, 0.006
Node_Bact3_Bact13_0, 0, 0, 0.001, 0.001, 0, 0, 0, 0, 0.001
Node_Bact3_Bact14_0, 0, 0, 0.005, 0.005, 0, 0, 0, 0, 0.005
Node_Bact3_Bact18_0, 0, 0, 0.001, 0.001, 0, 0, 0, 0, 0.001
Node_Bact40_Bact41_0, 1.001, 0, 0.003, 0.023, 1, 0, 1.001, 0.976, 0.025
Node_Bact5_Bact16_0, 0.001, 0, 0.003, 0.005, 0.001, 0, 0.001, 0, 0.003
Node_Bact7_Bact8_0, 0.001, 0, 0.005, 0.005, 0.001, 0, 0.001, 0, 0.006
Node_Bdell12_Bdell3_0, 0, 0, 0.002, 0.004, 0, 0, 0, 0, 0.002
Node_Bdell14_Bdell11_0, 0, 0, 0.001, 0.001, 0, 0, 0, 0, 0.001
Node_Bdell14_Bdell4_0, 0, 0, 0.003, 0.003, 0, 0, 0, 0, 0.003
Node_Bdell15_Bdell7_0, 0.001, 0, 0, 0, 0.001, 0, 0.001, 0, 0.001
Node_Bdell15_Bdell9_0, 0, 0, 0.001, 0, 0, 0, 0, 0, 0
Node_Bdell17_Bdell16_0, 0, 0, 0.002, 0.003, 0, 0, 0, 0, 0.002
Node_Bdell7_Bdell5_0, 0, 0, 0.002, 0.002, 0, 0, 0, 0, 0.001
Node_BdellC1_BdellC2_0, 0.001, 0, 0.001, 0.001, 0.001, 0, 0.001, 0, 0.002
Node_Calda2_Calda1_0, 0.001, 0, 0, 0, 0.001, 0.001, 0.001, 0.001, 0
Node_Caldit2_Caldit1_0, 0.001, 0, 0.001, 0.001, 0.001, 0, 0.001, 0.001, 0.001
Node_Caldit2_Caldit3_0, 0.001, 0, 0, 0, 0.001, 0, 0.001, 0, 0.001
Node_Camp14_Camp15_0, 0, 0, 0.003, 0.001, 0, 0, 0, 0, 0
Node_Camp2_Camp13_0, 0, 0, 0.003, 0.002, 0, 0, 0, 0, 0.001
Node_Camp2_Camp4_0, 0.002, 0, 0.002, 0.001, 0.002, 0, 0.002, 0.001, 0.002
Node_Camp2_Camp5_0, 0.001, 0, 0.001, 0.003, 0.001, 0, 0.001, 0, 0.002
Node_Camp2_Camp7_0, 0.002, 0, 0, 0, 0.002, 0, 0.002, 0.001, 0.001
Node_Camp4_Camp16_0, 0.001, 0, 0.002, 0.002, 0.001, 0, 0.001, 0, 0.001
Node_Camp5_Camp10_0, 0.001, 0, 0.001, 0.001, 0.001, 0, 0.001, 0, 0.002
Node_Camp5_Camp12_0, 0, 0, 0.003, 0.002, 0, 0, 0, 0, 0.002
Node_Camp7_Camp14_0, 0.003, 0, 0.005, 0.005, 0.003, 0, 0.003, 0, 0.006
Node_Chlo12_Chlo24_0, 0.001, 0, 0, 0, 0.001, 0, 0.001, 0, 0.001
Node_Chlo26_Chlo11_0, 0.001, 0, 0, 0, 0.001, 0, 0.001, 0, 0.001
Node_Chlo30_Chlo20_0, 0, 0, 0.001, 0.001, 0, 0, 0, 0, 0.001
Node_Chlo30_Chlo37_0, 0.001, 0, 0.002, 0.002, 0.001, 0, 0.001, 0, 0.003
Node_Chlo31_Chlo25_0, 0, 0, 0.002, 0.001, 0, 0, 0, 0, 0.001
Node_Chlo36_Chlo13_0, 0, 0, 0.001, 0.001, 0, 0, 0, 0, 0.001
Node_Chlo36_Chlo14_0, 0.001, 0, 0, 0, 0.001, 0, 0.001, 0.001, 0
Node_Chlo36_Chlo28_0, 0.001, 0, 0.001, 0.002, 0.001, 0, 0.001, 0, 0.002
Node_Chlo36_Chlo40_0, 0, 0, 0.001, 0.001, 0, 0, 0, 0, 0.001
Node_Chlo36_Chlo5_0, 0, 0, 0.002, 0.002, 0, 0, 0, 0, 0.001
Node_Chlo38_Chlo19_0, 0.001, 0, 0.005, 0.006, 0.001, 0, 0.001, 0, 0.005
Node_Chlo38_Chlo31_0, 0.001, 0, 0, 0, 0.001, 0, 0.001, 0, 0.001
Node_Chlo41_Chlo39_0, 0.002, 0, 0.004, 0.006, 0.002, 0, 0.002, 0, 0.006
Node_Chlo41_Chlo7_0, 0, 0, 0.002, 0.002, 0, 0, 0, 0, 0.002
Node_Chlo44_Chlo22_0, 0, 0, 0.002, 0.002, 0, 0, 0, 0, 0.002
Node_Chlo45_Chlo27_0, 0.002, 0, 0.001, 0.001, 0.002, 0, 0.002, 0, 0.003
Node_Chlo45_Chlo46_0, 0, 0, 0.003, 0.002, 0, 0, 0, 0, 0.001
Node_Chlo47_Chlo48_0, 0, 0, 0.002, 0.002, 0, 0, 0, 0, 0.002
Node_Chlo48_Chlo10_0, 0.002, 0, 0.003, 0.003, 0.002, 0, 0.002, 0, 0.005
Node_Chlo5_Chlo16_0, 0.001, 0, 0.003, 0.003, 0.001, 0, 0.001, 0, 0.004
Node_Chlo6_Chlo18_0, 0, 0, 0.001, 0.001, 0, 0, 0, 0, 0.001
Node_Chlo7_Chlo15_0, 0.002, 0, 0, 0, 0.002, 0, 0.002, 0, 0.002
Node_Cyan10_Cyan35_0, 0, 0, 0.002, 0.001, 0, 0, 0, 0, 0.001
Node_Cyan10_Cyan46_0, 0.001, 0, 0, 0, 0.001, 0, 0.001, 0, 0.001
Node_Cyan11_Cyan26_0, 0.001, 0, 0.001, 0.001, 0.001, 0, 0.001, 0, 0.002
Node_Cyan12_Cyan13_0, 0, 0, 0.001, 0.001, 0, 0, 0, 0, 0.001
Node_Cyan13_Cyan18_0, 0.001, 0, 0, 0, 0.001, 0, 0.001, 0, 0.001
Node_Cyan14_Cyan15_0, 0.002, 0, 0.003, 0.006, 0.002, 0, 0.002, 0, 0.005
Node_Cyan14_Cyan16_0, 0, 0, 0.001, 0.002, 0, 0, 0, 0, 0
Node_Cyan14_Cyan23_0, 0.001, 0, 0.002, 0.004, 0.001, 0, 0.001, 0, 0.003
Node_Cyan16_Cyan29_0, 0, 0, 0.001, 0.001, 0, 0, 0, 0, 0.001
Node_Cyan19_Cyan47_0, 0, 0, 0.002, 0.003, 0, 0, 0, 0, 0.002
Node_Cyan2_Cyan1_0, 0, 0, 0.001, 0.002, 0, 0, 0, 0, 0.001
Node_Cyan31_Cyan34_0, 0, 0, 0.001, 0.001, 0, 0, 0, 0, 0.001
Node_Cyan33_Cyan21_0, 0, 0, 0.001, 0, 0, 0, 0, 0, 0
Node_Cyan38_Cyan28_0, 0, 0, 0.001, 0.001, 0, 0, 0, 0, 0
Node_Cyan40_Cyan11_0, 0, 0, 0.002, 0.003, 0, 0, 0, 0, 0.002
Node_Cyan40_Cyan19_0, 0, 0, 0.002, 0.002, 0, 0, 0, 0, 0.002
Node_Cyan40_Cyan25_0, 0, 0, 0.001, 0.001, 0, 0, 0, 0, 0.001
Node_Cyan40_Cyan27_0, 0.001, 0, 0.002, 0.003, 0.001, 0, 0.001, 0, 0.003
Node_Cyan40_Cyan36_0, 0, 0, 0.001, 0, 0, 0, 0, 0, 0
Node_Cyan40_Cyan37_0, 0.001, 0, 0, 0, 0.001, 0, 0.001, 0, 0.001
Node_Cyan40_Cyan38_0, 0.001, 0, 0, 0, 0.001, 0, 0.001, 0.001, 0
Node_Cyan40_Marg1_0, 0, 0, 0.001, 0.001, 0, 0, 0, 0, 0
Node_Cyan40_Therd1_0, 0.001, 0, 0, 0, 0.001, 0.001, 0.001, 0.001, 0
Node_Cyan42_Cyan3_0, 0, 0, 0.001, 0.001, 0, 0, 0, 0, 0.001
Node_Cyan46_Cyan30_0, 0, 0, 0.001, 0.001, 0, 0, 0, 0, 0
Node_Cyan46_Cyan31_0, 0, 0, 0.001, 0.002, 0, 0, 0, 0, 0.001
Node_Cyan46_Cyan32_0, 0, 0, 0.002, 0.002, 0, 0, 0, 0, 0.002
Node_Cyan46_Cyan33_0, 0.001, 0, 0.002, 0.002, 0.001, 0, 0.001, 0, 0.003
Node_Cyan46_Cyan41_0, 0, 0, 0.001, 0.001, 0, 0, 0, 0, 0
Node_Cyan47_Cyan43_0, 0, 0, 0.001, 0.002, 0, 0, 0, 0, 0.001
Node_Cyan47_Cyan44_0, 0, 0, 0.002, 0.002, 0, 0, 0, 0, 0.002
Node_Cyan4_Cyan8_0, 0, 0, 0.001, 0.001, 0, 0.001, 0, 0, 0
Node_Cyan4_Cyan9_0, 0, 0, 0.001, 0.001, 0, 0, 0, 0, 0.001
Node_Dein4_Dein2_0, 0, 0, 0.001, 0.001, 0, 0, 0, 0, 0.001
Node_Dein4_Dein6_0, 0, 0, 0.001, 0.001, 0, 0, 0, 0, 0.001
Node_Dein5_Dein7_0, 0, 0, 0.001, 0.002, 0, 0, 0, 0, 0.001
Node_Dein7_Dein3_0, 0, 0, 0.003, 0.003, 0, 0, 0, 0, 0.003
Node_DesuB4_DesuB3_0, 0.002, 0, 0.001, 0.002, 0.002, 0, 0.002, 0, 0.003
Node_DesuC2_DesuC1_0, 0, 0, 0.001, 0.001, 0, 0, 0, 0, 0.001
Node_DesuD2_DesuD1_0, 0, 0, 0.005, 0.005, 0, 0, 0, 0, 0.005
Node_Desua16_Desua15_0, 0, 0, 0.001, 0.002, 0, 0, 0, 0, 0.001
Node_Desua16_Desua24_0, 0, 0, 0.001, 0.001, 0, 0, 0, 0, 0.001
Node_Desua1_Desua34_0, 0.001, 0, 0.002, 0.002, 0.001, 0, 0.001, 0, 0.003
Node_Desua22_Desua10_0, 0, 0, 0.001, 0.001, 0, 0, 0, 0, 0.001
Node_Desua28_Desua35_0, 0, 0, 0.004, 0.008, 0, 0, 0, 0, 0.004
Node_Desua2_Desua8_0, 0, 0, 0.002, 0.002, 0, 0, 0, 0, 0.002
Node_Desua36_Desua38_0, 0.003, 0, 0.004, 0.004, 0.003, 0, 0.003, 0, 0.006
Node_Desua36_Desua39_0, 0.001, 0, 0.003, 0.003, 0.001, 0, 0.001, 0.001, 0.002
Node_Desua40_Desua31_0, 0, 0, 0.001, 0.001, 0, 0, 0, 0, 0.001
Node_Desua42_Desua11_0, 0, 0, 0.002, 0.002, 0, 0, 0, 0, 0.002
Node_Desua42_Desua12_0, 0, 0, 0.001, 0.001, 0, 0, 0, 0, 0.001
Node_Desua43_Desua50_0, 0, 0, 0.001, 0.002, 0, 0, 0, 0, 0.001
Node_Desua44_Desua36_0, 0.002, 0, 0.003, 0.004, 0.002, 0, 0.002, 0, 0.003
Node_Desua46_Desua25_0, 0, 0, 0.004, 0.005, 0, 0, 0, 0, 0.004
Node_Desua47_Desua29_0, 0.001, 0, 0.002, 0.002, 0.001, 0, 0.001, 0, 0.003
Node_Desua47_Desua41_0, 0, 0, 0.001, 0.001, 0, 0, 0, 0, 0.001
Node_Desua47_Desua53_0, 0, 0, 0.001, 0.001, 0, 0, 0, 0, 0.001
Node_Desua48_Desua33_0, 0.001, 0, 0, 0, 0.001, 0, 0.001, 0, 0.001
Node_Desua49_Desua21_0, 0, 0, 0.003, 0.001, 0, 0, 0, 0, 0.001
Node_Desua49_Desua44_0, 0.002, 0, 0.002, 0.002, 0.002, 0, 0.002, 0, 0.004
Node_Desua53_Desua51_0, 0.001, 0, 0.002, 0.002, 0.001, 0, 0.001, 0, 0.003
Node_Desua6_Desua19_0, 0.001, 0, 0.001, 0.002, 0.001, 0, 0.001, 0, 0.002
Node_Desua6_Desua7_0, 0.004, 0, 0.002, 0.002, 0.004, 0, 0.004, 0.001, 0.005
Node_Desua9_Desua17_0, 0, 0, 0.002, 0.001, 0, 0, 0, 0, 0.001
Node_Desua9_Desua18_0, 0.001, 0, 0.001, 0.001, 0.001, 0, 0.001, 0, 0.002
Node_Dorm2_Dorm1_0, 0, 0, 0.003, 0.003, 0, 0, 0, 0, 0
Node_Dorm2_Dorm4_0, 0.002, 0, 0, 0, 0.002, 0, 0.002, 0, 0.002
Node_Dorm2_Dorm5_0, 0.003, 0, 0.001, 0, 0.003, 0, 0.003, 0.001, 0.002
Node_Eise2_Eise1_0, 0, 0, 0.003, 0.003, 0, 0, 0, 0, 0.002
Node_Eise4_Eise2_0, 0.001, 0, 0, 0, 0.001, 0, 0.001, 0, 0.001
Node_Eise4_Eise3_0, 0, 0, 0.004, 0.004, 0, 0, 0, 0, 0.003
Node_Elus2_Elus5_0, 0, 0, 0.001, 0.001, 0, 0.001, 0, 0, 0
Node_Elus3_Elus6_0, 0.001, 0, 0.001, 0.002, 0.001, 0, 0.001, 0, 0.002
Node_Elus6_Elus8_0, 0, 0, 0.002, 0.002, 0, 0, 0, 0, 0.001
Node_Erem4_Erem5_0, 0, 0, 0.001, 0.001, 0, 0, 0, 0, 0.001
Node_Erem6_Erem3_0, 0.002, 0, 0.001, 0.002, 0.002, 0, 0.002, 0, 0.003
Node_Erem6_Erem4_0, 0, 0, 0.004, 0.004, 0, 0, 0, 0, 0.002
Node_FCPU1_FCPU2_0, 0, 0, 0.003, 0.004, 0, 0, 0, 0, 0.003
Node_Ferm1_GemmA1_0, 0, 0, 0.001, 0.001, 0, 0.001, 0, 0, 0
Node_FirmA102_FirmA76_0, 0, 0, 0.001, 0.001, 0, 0, 0, 0, 0
Node_FirmA104_FirmA78_0, 0, 0, 0.001, 0.001, 0, 0, 0, 0, 0.001
Node_FirmA106_FirmA114_0, 0, 0, 0.002, 0.002, 0, 0, 0, 0, 0.002
Node_FirmA109_FirmA77_0, 0, 0, 0.002, 0.003, 0, 0, 0, 0, 0.002
Node_FirmA109_FirmA95_0, 0.001, 0, 0, 0, 0.001, 0, 0.001, 0, 0.001
Node_FirmA12_FirmA93_0, 0.003, 0, 0.001, 0.001, 0.003, 0, 0.003, 0.001, 0.003
Node_FirmA18_FirmA103_0, 0, 0, 0.001, 0.001, 0, 0, 0, 0, 0.001
Node_FirmA20_FirmA100_0, 0.002, 0, 0, 0, 0.002, 0, 0.002, 0.001, 0.001
Node_FirmA20_FirmA25_0, 0.003, 0, 0.001, 0, 0.003, 0, 0.003, 0.001, 0.002
Node_FirmA20_FirmA38_0, 0.002, 0, 0, 0, 0.002, 0, 0.002, 0, 0.002
Node_FirmA20_FirmA52_0, 0.001, 0, 0.003, 0.002, 0.001, 0, 0.001, 0, 0.001
Node_FirmA21_FirmA108_0, 0.001, 0, 0.001, 0.001, 0.001, 0, 0.001, 0, 0.002
Node_FirmA21_FirmA47_0, 0, 0, 0.002, 0.003, 0, 0, 0, 0, 0.001
Node_FirmA24_FirmA8_0, 0, 0, 0.002, 0.002, 0, 0, 0, 0, 0.002
Node_FirmA25_FirmA56_0, 0, 0, 0.008, 0.006, 0, 0, 0, 0, 0.005
Node_FirmA26_FirmA102_0, 0.001, 0, 0, 0, 0.001, 0, 0.001, 0, 0.001
Node_FirmA26_FirmA41_0, 0, 0, 0.001, 0.001, 0, 0, 0, 0, 0.001
Node_FirmA26_FirmA7_0, 0, 0, 0.002, 0.002, 0, 0, 0, 0, 0.001
Node_FirmA27_FirmA71_0, 0, 0, 0.003, 0.003, 0, 0, 0, 0, 0.002
Node_FirmA27_FirmA89_0, 0.001, 0, 0.001, 0.001, 0.001, 0, 0.001, 0.001, 0.001
Node_FirmA28_FirmA94_0, 0.001, 0, 0, 0, 0.001, 0, 0.001, 0, 0.001
Node_FirmA29_FirmA51_0, 0.001, 0, 0, 0, 0.001, 0, 0.001, 0, 0.001
Node_FirmA38_FirmA32_0, 0, 0, 0.003, 0.002, 0, 0, 0, 0, 0.001
Node_FirmA43_FirmA39_0, 0.001, 0, 0, 0, 0.001, 0, 0.001, 0, 0.001
Node_FirmA45_FirmA40_0, 0, 0, 0.003, 0.003, 0, 0, 0, 0, 0.002
Node_FirmA50_FirmA70_0, 0, 0, 0.001, 0.001, 0, 0, 0, 0, 0.001
Node_FirmA52_FirmA107_0, 0, 0, 0.002, 0.002, 0, 0, 0, 0, 0.002
Node_FirmA52_FirmA42_0, 0, 0, 0.002, 0.002, 0, 0, 0, 0, 0.001
Node_FirmA53_FirmA35_0, 0, 0, 0.001, 0.001, 0, 0, 0, 0, 0.001
Node_FirmA58_FirmA43_0, 0, 0, 0.001, 0.002, 0, 0, 0, 0, 0.001
Node_FirmA59_FirmA36_0, 0, 0, 0.001, 0, 0, 0, 0, 0, 0
Node_FirmA59_FirmA44_0, 0.001, 0, 0, 0, 0.001, 0, 0.001, 0, 0.001
Node_FirmA59_FirmA48_0, 0.003, 0, 0.001, 0.002, 0.003, 0, 0.003, 0, 0.004
Node_FirmA60_FirmA74_0, 0, 0, 0.004, 0.004, 0, 0, 0, 0, 0.004
Node_FirmA61_FirmA66_0, 0.001, 0, 0.001, 0, 0.001, 0, 0.001, 0.001, 0
Node_FirmA62_FirmA58_0, 0, 0, 0.001, 0.001, 0, 0, 0, 0, 0.001
Node_FirmA62_FirmA6_0, 0, 0, 0.001, 0.001, 0, 0, 0, 0, 0.001
Node_FirmA63_FirmA45_0, 0.001, 0, 0.001, 0.002, 0.001, 0, 0.001, 0, 0.002
Node_FirmA63_FirmA57_0, 0, 0, 0.001, 0.001, 0, 0, 0, 0, 0.001
Node_FirmA64_FirmA33_0, 0, 0, 0.002, 0.001, 0, 0, 0, 0, 0.001
Node_FirmA65_FirmA5_0, 0.001, 0, 0.001, 0.001, 0.001, 0, 0.001, 0, 0.002
Node_FirmA65_FirmA64_0, 0.001, 0, 0, 0.001, 0.001, 0, 0.001, 0, 0.001
Node_FirmA65_FirmA97_0, 0, 0, 0.002, 0.002, 0, 0, 0, 0, 0.001
Node_FirmA67_FirmA37_0, 0, 0, 0.002, 0.002, 0, 0, 0, 0, 0.002
Node_FirmA67_FirmA50_0, 0, 0, 0.001, 0.001, 0, 0, 0, 0, 0.001
Node_FirmA67_FirmA79_0, 0, 0, 0.002, 0.003, 0, 0, 0, 0, 0.002
Node_FirmA69_FirmA72_0, 0.001, 0, 0.002, 0.003, 0.001, 0, 0.001, 0, 0.003
Node_FirmA72_FirmA73_0, 0, 0, 0.002, 0.002, 0, 0, 0, 0, 0.001
Node_FirmA7_FirmA12_0, 0.001, 0, 0.003, 0.004, 0.001, 0, 0.001, 0, 0.003
Node_FirmA7_FirmA90_0, 0.001, 0, 0, 0, 0.001, 0, 0.001, 0, 0.001
Node_FirmA80_FirmA34_0, 0.001, 0, 0, 0, 0.001, 0, 0.001, 0.001, 0
Node_FirmA81_FirmA19_0, 0, 0, 0.001, 0.001, 0, 0, 0, 0, 0.001
Node_FirmA83_FirmA11_0, 0, 0, 0.001, 0, 0, 0, 0, 0, 0
Node_FirmA83_FirmA49_0, 0, 0, 0.001, 0, 0, 0, 0, 0, 0
Node_FirmA83_FirmA86_0, 0.001, 0, 0, 0.001, 0.001, 0, 0.001, 0, 0.001
Node_FirmA84_FirmA111_0, 0.001, 0, 0, 0, 0.001, 0, 0.001, 0, 0.001
Node_FirmA84_FirmA20_0, 0, 0, 0.001, 0.002, 0, 0, 0, 0, 0
Node_FirmA85_DTU0X1_0, 0, 0, 0.001, 0, 0, 0, 0, 0, 0
Node_FirmA85_FirmA60_0, 0, 0, 0.001, 0.001, 0, 0, 0, 0, 0.001
Node_FirmA85_FirmC13_0, 0.001, 0, 0, 0, 0.001, 0, 0.001, 0, 0.001
Node_FirmA86_FirmA61_0, 0.002, 0, 0.004, 0.006, 0.002, 0, 0.002, 0, 0.005
Node_FirmA88_FirmA101_0, 0, 0, 0.001, 0.001, 0, 0, 0, 0, 0.001
Node_FirmA89_FirmA105_0, 0.001, 0, 0.002, 0.002, 0.001, 0, 0.001, 0.001, 0.002
Node_FirmA89_FirmA110_0, 0, 0, 0.001, 0, 0, 0, 0, 0, 0
Node_FirmA89_FirmA21_0, 0, 0, 0.003, 0.002, 0, 0, 0, 0, 0.002
Node_FirmA89_FirmA31_0, 0.003, 0, 0, 0, 0.003, 0, 0.003, 0, 0.003
Node_FirmA89_FirmA53_0, 0, 0, 0.004, 0.003, 0, 0, 0, 0, 0.003
Node_FirmA89_FirmA68_0, 0.001, 0, 0.005, 0.005, 0.001, 0, 0.001, 0, 0.003
Node_FirmA89_FirmA80_0, 0.001, 0, 0, 0, 0.001, 0, 0.001, 0, 0.001
Node_FirmA90_FirmA112_0, 0, 0, 0.004, 0.003, 0, 0, 0, 0, 0.003
Node_FirmA94_FirmA75_0, 0.001, 0, 0.001, 0, 0.001, 0, 0.001, 0, 0.001
Node_FirmA96_FirmA27_0, 0.001, 0, 0.001, 0.001, 0.001, 0, 0.001, 0, 0.002
Node_FirmA96_FirmA91_0, 0, 0, 0.001, 0, 0, 0, 0, 0, 0
Node_FirmA99_FirmA18_0, 0, 0, 0.002, 0.003, 0, 0, 0, 0, 0.002
Node_FirmB16_FirmB13_0, 0.001, 0, 0.002, 0.001, 0.001, 0, 0.001, 0, 0.002
Node_FirmB2_FirmB12_0, 0, 0, 0.002, 0.002, 0, 0, 0, 0, 0.002
Node_FirmB3_FirmB14_0, 0, 0, 0.001, 0.001, 0, 0, 0, 0, 0.001
Node_FirmB4_FirmB17_0, 0, 0, 0.002, 0.003, 0, 0, 0, 0, 0.002
Node_FirmB4_FirmB1_0, 0, 0, 0.001, 0.001, 0, 0, 0, 0, 0.001
Node_FirmB8_FirmB16_0, 0.001, 0, 0, 0, 0.001, 0, 0.001, 0, 0.001
Node_FirmB8_FirmB4_0, 0, 0, 0.001, 0.001, 0, 0, 0, 0, 0.001
Node_FirmB8_FirmB5_0, 0, 0, 0.001, 0.001, 0, 0, 0, 0, 0
Node_FirmB8_FirmB9_0, 0, 0, 0.001, 0.001, 0, 0, 0, 0, 0.001
Node_FirmB9_FirmB10_0, 0.001, 0, 0.007, 0.01, 0.001, 0, 0.001, 0, 0.008
Node_FirmC10_FirmC14_0, 0.001, 0, 0.001, 0.001, 0.001, 0, 0.001, 0, 0.002
Node_FirmC10_FirmC18_0, 0, 0, 0.002, 0.002, 0, 0, 0, 0, 0.002
Node_FirmC10_FirmC19_0, 0, 0, 0.001, 0.001, 0, 0, 0, 0, 0.001
Node_FirmC11_FirmC3_0, 0.001, 0, 0, 0, 0.001, 0, 0.001, 0, 0.001
Node_FirmC13_FirmB8_0, 0, 0, 0.001, 0, 0, 0, 0, 0, 0
Node_FirmC13_FirmC10_0, 0, 0, 0.001, 0, 0, 0, 0, 0, 0
Node_FirmC13_FirmC17_0, 0, 0, 0.001, 0.001, 0, 0, 0, 0, 0.001
Node_FirmC13_FirmC8_0, 0.001, 0, 0, 0, 0.001, 0, 0.001, 0, 0.001
Node_FirmC13_Firms33_0, 0.001, 0, 0, 0, 0.001, 0, 0.001, 0.001, 0
Node_FirmC15_FirmC12_0, 0, 0, 0.001, 0.001, 0, 0, 0, 0, 0.001
Node_FirmC1_FirmC4_0, 0.002, 0, 0.002, 0.003, 0.002, 0, 0.002, 0, 0.004
Node_FirmC6_FirmC16_0, 0.001, 0, 0.001, 0.001, 0.001, 0, 0.001, 0, 0.002
Node_FirmC6_FirmC1_0, 0, 0, 0.001, 0.001, 0, 0, 0, 0, 0.001
Node_FirmC8_FirmC11_0, 0, 0, 0.001, 0.002, 0, 0, 0, 0, 0.001
Node_FirmC8_FirmC15_0, 0, 0, 0.002, 0.002, 0, 0, 0, 0, 0
Node_FirmC8_FirmC7_0, 0.002, 0, 0.001, 0.002, 0.002, 0, 0.002, 0, 0.003
Node_FirmC8_FirmC9_0, 0, 0, 0.003, 0.004, 0, 0, 0, 0, 0.002
Node_FirmD2_FirmD3_0, 0.001, 0, 0, 0, 0.001, 0, 0.001, 0.001, 0
Node_FirmD4_FirmD2_0, 0.001, 0, 0.002, 0, 0.001, 0, 0.001, 0, 0.001
Node_FirmE7_FirmE8_0, 0.001, 0, 0.004, 0.004, 0.001, 0, 0.001, 0, 0.005
Node_FirmF1_FirmG6_0, 0, 0, 0.001, 0.001, 0, 0.001, 0, 0, 0
Node_FirmF2_FirmF3_0, 0.001, 0, 0.003, 0.004, 0.001, 0, 0.001, 0, 0.004
Node_FirmG6_FirmG3_0, 0, 0, 0.001, 0, 0, 0, 0, 0, 0
Node_FirmG6_FirmG4_0, 0.001, 0, 0, 0, 0.001, 0, 0.001, 0, 0.001
Node_Firms11_Firms17_0, 0.216, 0, 0.004, 0.051, 0.216, 0, 0.216, 0.032, 0.188
Node_Firms13_Firms1_0, 0, 0, 0.002, 0.001, 0, 0, 0, 0, 0
Node_Firms1_Firms10_0, 0.001, 0, 0.001, 0.002, 0.001, 0, 0.001, 0, 0.002
Node_Firms20_Firms12_0, 0, 0, 0.002, 0.001, 0, 0, 0, 0, 0.001
Node_Firms20_Firms29_0, 0, 0, 0.003, 0.004, 0, 0, 0, 0, 0.003
Node_Firms22_Firms27_0, 0, 0, 0.006, 0.005, 0, 0, 0, 0, 0.002
Node_Firms23_Firms18_0, 0.001, 0, 0.002, 0.002, 0.001, 0, 0.001, 0, 0.003
Node_Firms24_Firms26_0, 0.004, 0, 0.012, 0.005, 0.004, 0, 0.004, 0.004, 0
Node_Firms32_Firms25_0, 0.001, 0, 0.001, 0.001, 0.001, 0, 0.001, 0.001, 0.001
Node_Firms33_FirmA83_0, 0.001, 0, 0, 0, 0.001, 0, 0.001, 0.001, 0
Node_Firms33_FirmD1_0, 0.004, 0, 0, 0, 0.004, 0, 0.004, 0.002, 0.002
Node_Firms33_FirmD4_0, 0.002, 0, 0, 0, 0.002, 0, 0.002, 0.001, 0.001
Node_Firms33_Firms11_0, 0.032, 0, 0, 0.005, 0.032, 0, 0.032, 0.004, 0.028
Node_Firms33_Firms13_0, 0.002, 0, 0, 0.001, 0.002, 0, 0.002, 0.001, 0.001
Node_Firms33_Firms15_0, 0, 0, 0.002, 0.001, 0, 0, 0, 0, 0
Node_Firms33_Firms16_0, 0.002, 0, 0, 0, 0.002, 0, 0.002, 0, 0.002
Node_Firms33_Firms20_0, 0.001, 0, 0.003, 0.002, 0.001, 0, 0.001, 0, 0.003
Node_Firms33_Firms21_0, 0.001, 0, 0.003, 0.003, 0.001, 0, 0.001, 0.001, 0.002
Node_Firms33_Firms22_0, 0.004, 0, 0, 0.002, 0.004, 0, 0.004, 0.001, 0.003
Node_Firms33_Firms23_0, 0, 0, 0.003, 0.003, 0, 0, 0, 0, 0.002
Node_Firms33_Firms28_0, 0.001, 0, 0.001, 0.001, 0.001, 0, 0.001, 0, 0.002
Node_Firms33_Firms2_0, 0.001, 0, 0.002, 0.001, 0.001, 0, 0.001, 0, 0.002
Node_Firms33_Firms30_0, 0, 0, 0.002, 0.002, 0, 0, 0, 0, 0.001
Node_Firms33_Firms32_0, 0.001, 0, 0, 0, 0.001, 0, 0.001, 0.001, 0
Node_Firms33_Firms3_0, 0.001, 0, 0.003, 0.002, 0.001, 0, 0.001, 0.001, 0.002
Node_Firms33_Firms5_0, 0.002, 0, 0.005, 0.004, 0.002, 0, 0.002, 0.001, 0.001
Node_Firms33_Firms6_0, 0.001, 0, 0.006, 0.001, 0.001, 0, 0.001, 0.001, 0
Node_Firms33_Firms7_0, 0.006, 0, 0.027, 0.011, 0.006, 0, 0.006, 0.005, 0.001
Node_Firms33_Firms8_0, 0.007, 0, 0, 0.002, 0.007, 0, 0.007, 0.004, 0.003
Node_Firms8_Firms24_0, 0.016, 0, 0.14, 0.047, 0.016, 0, 0.016, 0.015, 0.002
Node_Firms8_Firms4_0, 0.154, 0, 0.001, 0.037, 0.154, 0, 0.154, 0.007, 0.148
Node_Gemm2_Gemm4_0, 0.001, 0, 0.002, 0.002, 0.001, 0, 0.001, 0.001, 0.001
Node_Gemm3_Gemm6_0, 0, 0, 0.001, 0.001, 0, 0, 0, 0, 0.001
Node_Gemm9_Gemm2_0, 0.002, 0, 0.002, 0.002, 0.002, 0, 0.002, 0, 0.004
Node_Gemm9_Gemm3_0, 0, 0, 0.001, 0, 0, 0, 0, 0, 0
Node_Gemm9_Gemm7_0, 0.001, 0, 0.004, 0.003, 0.001, 0, 0.001, 0, 0.003
Node_Gold1_Fire1_0, 0, 0, 0.001, 0, 0, 0, 0, 0, 0
Node_Gold1_Gold2_0, 0.001, 0, 0.001, 0.002, 0.001, 0, 0.001, 0, 0.002
Node_Hydr2_Hydr1_0, 0, 0, 0.001, 0.002, 0, 0, 0, 0, 0.001
Node_KSB1X2_KSB1X4_0, 0.001, 0, 0, 0, 0.001, 0, 0.001, 0, 0.001
Node_Late2_Late1_0, 0, 0, 0.002, 0.001, 0, 0, 0, 0, 0
Node_Marg2_Marg7_0, 0.001, 0, 0, 0.002, 0.001, 0, 0.001, 0, 0.001
Node_Mari3_Mari2_0, 0, 0, 0.001, 0.001, 0, 0, 0, 0, 0.001
Node_Meth2_Meth1_0, 0.002, 0, 0.003, 0.003, 0.002, 0, 0.002, 0, 0.004
Node_Meth4_Meth3_0, 0.004, 0, 0.001, 0.001, 0.004, 0, 0.004, 0.001, 0.004
Node_Meth5_Meth2_0, 0.001, 0, 0.002, 0.002, 0.001, 0, 0.001, 0, 0.002
Node_Meth5_Meth4_0, 0.001, 0, 0.002, 0.001, 0.001, 0, 0.001, 0, 0.002
Node_Meth5_NitsA1_0, 0.002, 0, 0, 0, 0.002, 0.001, 0.002, 0.002, 0
Node_Meth5_SZUA1_0, 0.001, 0, 0.001, 0.003, 0.001, 0, 0.001, 0.001, 0
Node_Meth5_Sche1_0, 0.002, 0, 0, 0.001, 0.002, 0, 0.002, 0.002, 0
Node_MyxA2_MyxA3_0, 0, 0, 0.003, 0.003, 0, 0, 0, 0, 0.003
Node_Myxo10_Myxo15_0, 0.043, 0, 0.002, 0.006, 0.043, 0, 0.043, 0.006, 0.039
Node_Myxo10_Myxo17_0, 0.006, 0, 0.001, 0.001, 0.006, 0, 0.006, 0, 0.007
Node_Myxo11_Myxo13_0, 0, 0, 0.003, 0.004, 0, 0, 0, 0, 0.002
Node_Myxo11_Myxo8_0, 0.001, 0, 0, 0, 0.001, 0, 0.001, 0, 0.001
Node_Myxo14_Myxo5_0, 0, 0, 0.001, 0.001, 0, 0, 0, 0, 0.001
Node_Myxo14_Myxo6_0, 0.001, 0, 0, 0, 0.001, 0, 0.001, 0, 0.001
Node_Myxo15_Myxo18_0, 0.179, 0, 0, 0.016, 0.179, 0, 0.179, 0.043, 0.136
Node_Myxo17_Myxo19_0, 0.001, 0, 0.009, 0.004, 0.001, 0, 0.001, 0, 0.004
Node_Myxo2_Myxo1_0, 0, 0, 0.002, 0.002, 0, 0, 0, 0, 0.002
Node_Myxo8_Myxo7_0, 0, 0, 0.001, 0, 0, 0, 0, 0, 0
Node_Nitr10_Nitr6_0, 0, 0, 0.001, 0.001, 0, 0, 0, 0, 0.001
Node_Nitr14_CG294X1_0, 0, 0, 0.001, 0, 0, 0, 0, 0, 0
Node_Nitr14_Meth5_0, 0.001, 0, 0, 0.001, 0.001, 0.001, 0.001, 0.001, 0
Node_Nitr14_Nitr12_0, 0, 0, 0.003, 0.002, 0, 0, 0, 0, 0.002
Node_Nitr14_Nitr13_0, 0.001, 0, 0, 0, 0.001, 0, 0.001, 0, 0.001
Node_Nitr14_Nitr16_0, 0.001, 0, 0, 0, 0.001, 0, 0.001, 0.001, 0
Node_Nitr16_Nitr11_0, 0, 0, 0.002, 0.002, 0, 0, 0, 0, 0.001
Node_Nitr16_Nitr17_0, 0.001, 0, 0.001, 0.001, 0.001, 0, 0.001, 0, 0.001
Node_Nitr17_Nitr5_0, 0.001, 0, 0.002, 0.002, 0.001, 0, 0.001, 0, 0.002
Node_Nits1_Nits3_0, 0, 0, 0.001, 0.001, 0, 0, 0, 0, 0.001
Node_Nits4_Nits2_0, 0, 0, 0.001, 0, 0, 0, 0, 0, 0
Node_NitsA1_NitsA2_0, 0, 0, 0.003, 0.002, 0, 0, 0, 0, 0.002
Node_NitsA1_NitsA3_0, 0.001, 0, 0.001, 0, 0.001, 0, 0.001, 0.001, 0
Node_NitsA3_Nits1_0, 0, 0, 0.001, 0.001, 0, 0, 0, 0, 0
Node_NitsA3_Nits4_0, 0.001, 0, 0, 0, 0.001, 0, 0.001, 0.001, 0
Node_Omni4_Omni2_0, 0, 0, 0.001, 0.001, 0, 0, 0, 0, 0.001
Node_Omni4_Omni3_0, 0, 0, 0.001, 0, 0, 0, 0, 0, 0
Node_Omni4_Omni8_0, 0.001, 0, 0.001, 0.001, 0.001, 0, 0.001, 0.001, 0
Node_Omni8_Omni6_0, 0, 0, 0.001, 0.003, 0, 0, 0, 0, 0
Node_P4572X1_Gemm5_0, 0, 0, 0.001, 0.001, 0, 0.001, 0, 0, 0
Node_Pate15_Pate29_0, 0, 0, 0.002, 0.002, 0, 0, 0, 0, 0.002
Node_Pate21_Pate26_0, 0, 0, 0.001, 0.001, 0, 0, 0, 0, 0
Node_Pate25_Pate17_0, 0, 0, 0.001, 0.001, 0, 0.001, 0, 0, 0
Node_Pate43_Pate22_0, 0, 0, 0.001, 0, 0, 0, 0, 0, 0
Node_Pate43_Pate45_0, 0.001, 0, 0, 0.001, 0.001, 0.001, 0.001, 0.001, 0
Node_Pate44_Pate10_0, 0, 0, 0.001, 0.001, 0, 0, 0, 0, 0.001
Node_Pate45_Pate11_0, 0, 0, 0.001, 0.002, 0, 0, 0, 0, 0
Node_Pate45_Pate21_0, 0.001, 0, 0, 0.001, 0.001, 0, 0.001, 0.001, 0
Node_Plan17_Plan23_0, 0, 0, 0.001, 0.001, 0, 0, 0, 0, 0.001
Node_Plan30_Plan14_0, 0, 0, 0.001, 0.001, 0, 0, 0, 0, 0.001
Node_Plan32_Plan12_0, 0, 0, 0.003, 0.003, 0, 0, 0, 0, 0.002
Node_Plan32_Plan3_0, 0.001, 0, 0.002, 0.003, 0.001, 0, 0.001, 0, 0.003
Node_Plan42_Plan40_0, 0.001, 0, 0.001, 0.001, 0.001, 0, 0.001, 0.001, 0.001
Node_Plan43_Plan16_0, 0.001, 0, 0, 0.001, 0.001, 0, 0.001, 0, 0.001
Node_Plan43_Plan42_0, 0.001, 0, 0.001, 0.001, 0.001, 0, 0.001, 0.001, 0.001
Node_Pori1_Pori2_0, 0.002, 0, 0, 0, 0.002, 0, 0.002, 0, 0.002
Node_ProtA12_ProtA54_0, 0, 0, 0.001, 0.002, 0, 0, 0, 0, 0.001
Node_ProtA13_ProtA24_0, 0, 0, 0.002, 0.002, 0, 0, 0, 0, 0.002
Node_ProtA13_ProtA61_0, 0.001, 0, 0.002, 0.004, 0.001, 0, 0.001, 0, 0.003
Node_ProtA13_ProtA77_0, 0.001, 0, 0.001, 0, 0.001, 0, 0.001, 0.001, 0
Node_ProtA13_ProtA7_0, 0, 0, 0.001, 0, 0, 0, 0, 0, 0
Node_ProtA15_ProtA70_0, 0, 0, 0.001, 0.001, 0, 0, 0, 0, 0.001
Node_ProtA16_ProtA33_0, 0.002, 0, 0.001, 0.002, 0.002, 0, 0.002, 0, 0.003
Node_ProtA16_ProtA66_0, 0.001, 0, 0.003, 0.003, 0.001, 0, 0.001, 0, 0.002
Node_ProtA16_ProtA69_0, 0, 0, 0.002, 0, 0, 0, 0, 0, 0
Node_ProtA18_ProtA10_0, 0.001, 0, 0, 0, 0.001, 0, 0.001, 0, 0.001
Node_ProtA18_ProtA19_0, 0, 0, 0.001, 0, 0, 0, 0, 0, 0
Node_ProtA18_ProtA29_0, 0, 0, 0.003, 0, 0, 0, 0, 0, 0
Node_ProtA18_ProtA53_0, 0.003, 0, 0, 0, 0.003, 0, 0.003, 0, 0.003
Node_ProtA19_ProtA14_0, 0.003, 0, 0, 0, 0.003, 0, 0.003, 0, 0.003
Node_ProtA19_ProtA3_0, 0, 0, 0.003, 0.002, 0, 0, 0, 0, 0
Node_ProtA19_ProtA46_0, 0, 0, 0.003, 0.003, 0, 0, 0, 0, 0.002
Node_ProtA19_ProtA49_0, 0.003, 0, 0.002, 0.003, 0.003, 0, 0.003, 0, 0.005
Node_ProtA19_ProtA74_0, 0.001, 0, 0, 0, 0.001, 0, 0.001, 0, 0.001
Node_ProtA20_ProtA5_0, 0, 0, 0.001, 0.001, 0, 0, 0, 0, 0.001
Node_ProtA30_ProtA35_0, 0, 0, 0.002, 0.002, 0, 0, 0, 0, 0.002
Node_ProtA34_J088X1_0, 0.001, 0, 0, 0, 0.001, 0.001, 0.001, 0.001, 0
Node_ProtA34_ProtA13_0, 0.002, 0, 0.002, 0.002, 0.002, 0, 0.002, 0.001, 0.002
Node_ProtA34_ProtA16_0, 0.002, 0, 0, 0, 0.002, 0, 0.002, 0, 0.002
Node_ProtA34_ProtA18_0, 0.001, 0, 0, 0, 0.001, 0, 0.001, 0, 0.001
Node_ProtA34_ProtA26_0, 0, 0, 0.003, 0, 0, 0, 0, 0, 0
Node_ProtA34_ProtA38_0, 0, 0, 0.001, 0.001, 0, 0, 0, 0, 0
Node_ProtA34_ProtA40_0, 0.001, 0, 0.002, 0.002, 0.001, 0, 0.001, 0.001, 0.001
Node_ProtA34_ProtA43_0, 0, 0, 0.001, 0.001, 0, 0, 0, 0, 0
Node_ProtA34_ProtA9_0, 0.003, 0, 0, 0, 0.003, 0, 0.003, 0.003, 0
Node_ProtA34_ProtG30_0, 0.005, 0, 0, 0, 0.005, 0.003, 0.005, 0.004, 0.001
Node_ProtA34_ProtM1_0, 0.004, 0, 0.001, 0, 0.004, 0, 0.004, 0.004, 0
Node_ProtA34_mitoFungi_0, 0.003, 0, 0.001, 0.002, 0.003, 0, 0.003, 0.003, 0
Node_ProtA38_ProtA41_0, 0, 0, 0.001, 0.002, 0, 0, 0, 0, 0.001
Node_ProtA38_ProtA64_0, 0, 0, 0.001, 0.001, 0, 0, 0, 0, 0.001
Node_ProtA3_ProtA72_0, 0.003, 0, 0.003, 0.001, 0.003, 0, 0.003, 0.001, 0.002
Node_ProtA3_ProtA76_0, 0.004, 0, 0, 0, 0.004, 0, 0.004, 0, 0.004
Node_ProtA40_ProtA67_0, 0, 0, 0.002, 0.001, 0, 0, 0, 0, 0.001
Node_ProtA46_ProtA55_0, 0.002, 0, 0, 0, 0.002, 0, 0.002, 0, 0.002
Node_ProtA47_ProtA63_0, 0.175, 0, 0.004, 0.019, 0.175, 0, 0.175, 0.021, 0.157
Node_ProtA53_ProtA58_0, 0.03, 0, 0.001, 0.005, 0.03, 0, 0.03, 0.003, 0.028
Node_ProtA68_ProtA2_0, 0, 0, 0.002, 0.002, 0, 0, 0, 0, 0.002
Node_ProtA69_ProtA50_0, 0, 0, 0.001, 0.001, 0, 0, 0, 0, 0.001
Node_ProtA70_ProtA57_0, 0.001, 0, 0, 0, 0.001, 0, 0.001, 0, 0.001
Node_ProtA76_ProtA47_0, 0.022, 0, 0, 0, 0.022, 0, 0.022, 0.004, 0.018
Node_ProtA76_ProtA48_0, 0.004, 0, 0.003, 0.001, 0.004, 0, 0.004, 0.002, 0.003
Node_ProtA76_ProtA62_0, 0.001, 0, 0.024, 0.006, 0.001, 0, 0.001, 0, 0.003
Node_ProtA76_ProtA71_0, 0.001, 0, 0.001, 0.001, 0.001, 0, 0.001, 0, 0.001
Node_ProtA77_ProtA31_0, 0, 0, 0.004, 0.005, 0, 0, 0, 0, 0.003
Node_ProtA9_ProtA60_0, 0.009, 0, 0, 0.004, 0.009, 0, 0.009, 0.003, 0.006
Node_ProtG12_ProtG5_0, 0.266, 0, 0.005, 0.017, 0.266, 0, 0.266, 0.096, 0.17
Node_ProtG16_ProtG17_0, 0.142, 0, 0.716, 0.501, 0.142, 0, 0.142, 0.142, 0
Node_ProtG18_ProtG10_0, 0.276, 0, 0.053, 0.065, 0.261, 0, 0.276, 0.127, 0.15
Node_ProtG18_ProtG12_0, 0.101, 0, 0.2, 0.024, 0.1, 0, 0.101, 0.077, 0.025
Node_ProtG18_ProtG14_0, 0.179, 0, 0.747, 0.164, 0.176, 0, 0.179, 0.151, 0.028
Node_ProtG18_ProtG21_0, 0.006, 0, 0.096, 0.019, 0.006, 0, 0.006, 0.005, 0.001
Node_ProtG24_ProtG18_0, 0.898, 0, 0.001, 0.12, 0.891, 0, 0.898, 0.863, 0.036
Node_ProtG25_ProtG9_0, 0.004, 0, 0.015, 0.006, 0.004, 0, 0.004, 0.004, 0.001
Node_ProtG29_ProtG76_0, 0, 0, 0.005, 0.003, 0, 0, 0, 0, 0.001
Node_ProtG30_ProtG19_0, 0.003, 0, 0.001, 0, 0.003, 0, 0.003, 0, 0.003
Node_ProtG30_ProtG31_0, 0.973, 0, 0.023, 0.031, 0.973, 0, 0.973, 0.97, 0.003
Node_ProtG30_ProtG34_0, 0.076, 0, 0.898, 0.084, 0.076, 0, 0.076, 0.076, 0.001
Node_ProtG30_ProtG35_0, 0.052, 0, 0.024, 0.029, 0.052, 0, 0.052, 0.052, 0
Node_ProtG30_ProtG39_0, 0.001, 0, 0.003, 0.004, 0.001, 0, 0.001, 0.001, 0.002
Node_ProtG30_ProtG42_0, 0.927, 0, 0.002, 0.048, 0.927, 0.015, 0.927, 0.926, 0.001
Node_ProtG30_ProtG49_0, 0.009, 0, 0.033, 0.011, 0.009, 0, 0.009, 0.009, 0
Node_ProtG30_ProtG50_0, 0.993, 0, 0, 0.076, 0.991, 0.053, 0.993, 0.98, 0.013
Node_ProtG30_ProtG64_0, 0.002, 0, 0.003, 0.002, 0.002, 0, 0.002, 0.001, 0.001
Node_ProtG30_ProtG71_0, 0.054, 0, 0, 0.013, 0.054, 0.035, 0.054, 0.049, 0.005
Node_ProtG30_ProtG80_0, 0.214, 0, 0, 0.019, 0.214, 0.147, 0.214, 0.201, 0.013
Node_ProtG30_ProtG84_0, 0.042, 0, 0.011, 0.021, 0.042, 0, 0.042, 0.041, 0.001
Node_ProtG30_ProtG85_0, 0.913, 0, 0, 0.068, 0.913, 0.677, 0.913, 0.891, 0.022
Node_ProtG30_ProtG87_0, 0.004, 0, 0.005, 0.003, 0.004, 0, 0.004, 0.004, 0
Node_ProtG30_ProtZ3_0, 0.014, 0, 0, 0.001, 0.014, 0.007, 0.014, 0.012, 0.002
Node_ProtG30_ProtZ5_0, 0.005, 0, 0, 0.002, 0.005, 0, 0.005, 0.005, 0
Node_ProtG31_ProtG16_0, 0.858, 0, 0.076, 0.715, 0.858, 0, 0.858, 0.854, 0.004
Node_ProtG31_ProtG32_0, 0.976, 0, 0.002, 0.036, 0.976, 0.002, 0.976, 0.973, 0.003
Node_ProtG31_ProtG36_0, 0.939, 0, 0.002, 0.019, 0.938, 0.001, 0.939, 0.937, 0.002
Node_ProtG31_ProtG44_0, 0.842, 0, 0.024, 0.884, 0.842, 0, 0.842, 0.836, 0.008
Node_ProtG31_ProtG45_0, 0.938, 0, 0.039, 0.025, 0.938, 0, 0.938, 0.937, 0.001
Node_ProtG31_ProtG47_0, 0.93, 0, 0.003, 0.037, 0.93, 0, 0.93, 0.913, 0.017
Node_ProtG31_ProtG61_0, 0.916, 0, 0.023, 0.033, 0.916, 0, 0.916, 0.916, 0
Node_ProtG32_ProtG26_0, 0.006, 0, 0.017, 0.009, 0.006, 0, 0.006, 0.006, 0
Node_ProtG32_ProtG33_0, 0.963, 0, 0.014, 0.104, 0.963, 0, 0.963, 0.962, 0.001
Node_ProtG32_ProtG37_0, 0.098, 0, 0.865, 0.139, 0.098, 0, 0.098, 0.098, 0
Node_ProtG32_ProtG43_0, 0.023, 0, 0.077, 0.052, 0.023, 0, 0.023, 0.021, 0.002
Node_ProtG33_ProtG48_0, 0.136, 0, 0.837, 0.165, 0.136, 0, 0.136, 0.132, 0.004
Node_ProtG33_ProtG67_0, 0.969, 0, 0.001, 0.12, 0.966, 0, 0.969, 0.962, 0.007
Node_ProtG33_ProtG7_0, 0.133, 0, 0.077, 0.107, 0.133, 0.001, 0.133, 0.062, 0.073
Node_ProtG35_ProtG81_0, 0.007, 0, 0.045, 0.013, 0.007, 0, 0.007, 0.007, 0
Node_ProtG36_ProtG20_0, 0.008, 0, 0.067, 0.059, 0.008, 0, 0.008, 0.008, 0.004
Node_ProtG36_ProtG24_0, 0.863, 0, 0.012, 0.115, 0.861, 0, 0.863, 0.856, 0.008
Node_ProtG36_ProtG38_0, 0.867, 0, 0.074, 0.126, 0.867, 0, 0.867, 0.865, 0.002
Node_ProtG36_ProtG65_0, 0.071, 0, 0.792, 0.165, 0.071, 0, 0.071, 0.071, 0
Node_ProtG37_ProtG41_0, 0.001, 0, 0.003, 0.006, 0.001, 0, 0.001, 0, 0.002
Node_ProtG37_ProtG51_0, 0.001, 0, 0.002, 0.002, 0.001, 0, 0.001, 0, 0.002
Node_ProtG37_ProtG53_0, 0.023, 0, 0.076, 0.033, 0.023, 0, 0.023, 0.023, 0.001
Node_ProtG37_ProtG8_0, 0.002, 0, 0.021, 0.012, 0.002, 0, 0.002, 0.002, 0
Node_ProtG38_ProtG28_0, 0.049, 0, 0.818, 0.196, 0.049, 0, 0.049, 0.049, 0
Node_ProtG38_ProtG46_0, 0.007, 0, 0.045, 0.034, 0.007, 0, 0.007, 0.007, 0.003
Node_ProtG39_ProtG15_0, 0.001, 0, 0, 0, 0.001, 0, 0.001, 0.001, 0
Node_ProtG41_ProtG40_0, 0, 0, 0.001, 0, 0, 0, 0, 0, 0
Node_ProtG42_ProtG74_0, 0.017, 0, 0.91, 0.049, 0.017, 0, 0.017, 0.017, 0
Node_ProtG43_ProtG55_0, 0.002, 0, 0.023, 0.017, 0.002, 0, 0.002, 0.002, 0.002
Node_ProtG44_ProtG22_0, 0.877, 0, 0.004, 0.403, 0.877, 0, 0.877, 0.841, 0.039
Node_ProtG45_ProtG66_0, 0.015, 0, 0.923, 0.028, 0.015, 0, 0.015, 0.015, 0
Node_ProtG45_ProtG75_0, 0.003, 0, 0.012, 0.009, 0.003, 0, 0.003, 0.003, 0
Node_ProtG47_ProtG62_0, 0.94, 0, 0.009, 0.044, 0.94, 0, 0.94, 0.922, 0.019
Node_ProtG48_ProtG1_0, 0.036, 0, 0.102, 0.055, 0.036, 0, 0.036, 0.035, 0.002
Node_ProtG48_ProtG25_0, 0.018, 0, 0.02, 0.02, 0.018, 0, 0.018, 0.017, 0.002
Node_ProtG48_ProtG6_0, 0.003, 0, 0.016, 0.007, 0.003, 0, 0.003, 0.003, 0.001
Node_ProtG49_ProtG29_0, 0.004, 0, 0.005, 0.005, 0.004, 0, 0.004, 0.004, 0
Node_ProtG53_ProtG27_0, 0.006, 0, 0.019, 0.011, 0.006, 0, 0.006, 0.006, 0.002
Node_ProtG53_ProtG70_0, 0.002, 0, 0.006, 0.005, 0.002, 0, 0.002, 0.001, 0.002
Node_ProtG58_ProtG59_0, 0.864, 0, 0.068, 0.725, 0.864, 0, 0.864, 0.862, 0.004
Node_ProtG59_ProtG73_0, 0.889, 0, 0.003, 0.13, 0.889, 0, 0.889, 0.862, 0.028
Node_ProtG61_ProtG60_0, 0, 0, 0.005, 0.003, 0, 0, 0, 0, 0.001
Node_ProtG61_ProtG72_0, 0.028, 0, 0.889, 0.057, 0.028, 0, 0.028, 0.027, 0.001
Node_ProtG61_ProtG78_0, 0.004, 0, 0.024, 0.028, 0.004, 0, 0.004, 0.004, 0
Node_ProtG62_ProtG77_0, 0.016, 0, 0.926, 0.041, 0.016, 0, 0.016, 0.016, 0.002
Node_ProtG65_ProtG69_0, 0.005, 0, 0.067, 0.037, 0.005, 0, 0.005, 0.004, 0.001
Node_ProtG66_ProtG68_0, 0.005, 0, 0.012, 0.011, 0.005, 0, 0.005, 0.005, 0.002
Node_ProtG67_ProtG63_0, 1.001, 0, 0.003, 0.086, 0.997, 0, 1.001, 0.966, 0.035
Node_ProtG80_ProtG57_0, 0.104, 0, 0.19, 0.054, 0.104, 0, 0.104, 0.025, 0.08
Node_ProtG81_ProtG79_0, 0.003, 0, 0.005, 0.004, 0.003, 0, 0.003, 0.002, 0.001
Node_ProtG83_ProtG52_0, 0.772, 0, 0.016, 0.272, 0.772, 0, 0.772, 0.743, 0.032
Node_ProtG83_ProtG89_0, 0.756, 0, 0, 0.063, 0.754, 0, 0.756, 0.129, 0.627
Node_ProtG84_ProtG11_0, 0.015, 0, 0.115, 0.019, 0.015, 0, 0.015, 0.014, 0.001
Node_ProtG84_ProtG83_0, 0.129, 0, 0.001, 0.016, 0.129, 0.001, 0.129, 0.047, 0.083
Node_ProtG84_ProtG90_0, 0.046, 0, 0.005, 0.003, 0.046, 0, 0.046, 0.037, 0.009
Node_ProtG85_ProtG56_0, 0.896, 0, 0.001, 0.002, 0.891, 0, 0.896, 0.869, 0.027
Node_ProtG85_ProtG58_0, 0.928, 0, 0.011, 0.039, 0.927, 0.002, 0.928, 0.904, 0.024
Node_ProtG85_ProtG86_0, 0.048, 0, 0.89, 0.015, 0.048, 0, 0.048, 0.007, 0.042
Node_ProtG85_ProtG88_0, 0.87, 0, 0.062, 0.019, 0.869, 0, 0.87, 0.866, 0.004
Node_ProtG85_ProtG91_0, 0.001, 0, 0.048, 0.007, 0.001, 0, 0.001, 0.001, 0.001
Node_ProtG86_ProtG82_0, 0.243, 0, 0.003, 0.032, 0.243, 0, 0.243, 0.046, 0.198
Node_ProtG87_ProtG3_0, 0.001, 0, 0.001, 0.001, 0.001, 0, 0.001, 0.001, 0.001
Node_ProtG87_ProtG4_0, 0.001, 0, 0.004, 0.005, 0.001, 0, 0.001, 0, 0.001
Node_ProtG89_ProtG13_0, 0.789, 0, 0.011, 0.009, 0.787, 0, 0.789, 0.745, 0.044
Node_ProtG90_ProtG54_0, 0.006, 0, 0.042, 0.014, 0.006, 0, 0.006, 0.005, 0.002
Node_ProtM1_ProtM3_0, 0, 0, 0.004, 0.001, 0, 0, 0, 0, 0
Node_ProtZ1_ProtZ4_0, 0.002, 0, 0.002, 0.002, 0.002, 0, 0.002, 0.001, 0.001
Node_ProtZ3_ProtZ1_0, 0.003, 0, 0.003, 0.003, 0.003, 0, 0.003, 0, 0.004
Node_ProtZ3_ProtZ2_0, 0.002, 0, 0.017, 0.009, 0.002, 0, 0.002, 0, 0.005
Node_SM23X1_KSB1X2_0, 0, 0, 0.001, 0.002, 0, 0, 0, 0, 0.001
Node_Spir10_Spir3_0, 0, 0, 0.001, 0.001, 0, 0, 0, 0, 0.001
Node_Spir13_Spir2_0, 0, 0, 0.001, 0.001, 0, 0, 0, 0, 0.001
Node_Syne1_Dein5_0, 0, 0, 0.001, 0.001, 0, 0.001, 0, 0, 0
Node_Syne1_Syne2_0, 0, 0, 0.001, 0.001, 0, 0, 0, 0, 0.001
Node_Syne1_Syne4_0, 0.001, 0, 0, 0, 0.001, 0, 0.001, 0, 0.001
Node_Syne1_Syne6_0, 0.001, 0, 0, 0.001, 0.001, 0, 0.001, 0.001, 0
Node_Syne1_Syne7_0, 0, 0, 0.002, 0.001, 0, 0, 0, 0, 0.001
Node_Syne2_Syne8_0, 0, 0, 0.001, 0.001, 0, 0, 0, 0, 0.001
Node_Syne4_Syne5_0, 0, 0, 0.001, 0, 0, 0, 0, 0, 0
Node_Syne7_Syne10_0, 0, 0, 0.001, 0.001, 0, 0, 0, 0, 0.001
Node_Syne8_Syne3_0, 0.001, 0, 0.004, 0.005, 0.001, 0, 0.001, 0, 0.005
Node_Therd1_Dict1_0, 0, 0, 0.002, 0.004, 0, 0.001, 0, 0, 0
Node_Therg2_Therg4_0, 0.002, 0, 0.001, 0.003, 0.002, 0, 0.002, 0, 0.003
Node_Therg8_Therg3_0, 0, 0, 0.001, 0.001, 0, 0, 0, 0, 0.001
Node_Thers1_Desua45_0, 0, 0, 0.002, 0.001, 0, 0.001, 0, 0, 0
Node_UBA1X5_UBA1X4_0, 0.003, 0, 0.001, 0.002, 0.003, 0, 0.003, 0, 0.004
Node_UBA1X6_UBA1X1_0, 0.001, 0, 0, 0, 0.001, 0, 0.001, 0, 0.001
Node_UBA6X1_Desa1_0, 0.001, 0, 0, 0, 0.001, 0, 0.001, 0.001, 0
Node_UBA6X1_Elus1_0, 0, 0, 0.001, 0.001, 0, 0, 0, 0, 0
Node_UBA6X1_Gold1_0, 0.001, 0, 0, 0, 0.001, 0, 0.001, 0.001, 0
Node_UBA9X3_UBA9X2_0, 0, 0, 0.001, 0.001, 0, 0.001, 0, 0, 0
Node_Verr11_Aure2_0, 0.016, 0, 0, 0.012, 0.016, 0.011, 0.016, 0.014, 0.002
Node_Verr11_Aure3_0, 0.003, 0, 0, 0, 0.003, 0.001, 0.003, 0.003, 0
Node_Verr11_Omni4_0, 0.002, 0, 0, 0, 0.002, 0.002, 0.002, 0.002, 0
Node_Verr11_Verr12_0, 0.984, 0, 0.004, 0.835, 0.982, 0, 0.984, 0.981, 0.003
Node_Verr11_Verr14_0, 0.985, 0, 0, 0.081, 0.985, 0, 0.985, 0.087, 0.898
Node_Verr11_Verr7_0, 0.028, 0, 0.001, 0.003, 0.028, 0, 0.028, 0.024, 0.004
Node_Verr11_Verr8_0, 0.025, 0, 0, 0.01, 0.025, 0.005, 0.025, 0.021, 0.004
Node_Verr11_Verr9_0, 0.087, 0, 0, 0.008, 0.087, 0, 0.087, 0.028, 0.059
Node_Verr3_Verr10_0, 0.07, 0, 0, 0.022, 0.07, 0, 0.07, 0.025, 0.045
Node_Verr5_Verr6_0, 0.002, 0, 0.025, 0.008, 0.002, 0, 0.002, 0.001, 0.003
Node_Verr7_Verr13_0, 0.03, 0, 0, 0.006, 0.03, 0, 0.03, 0.026, 0.004
Node_Verr7_Verr2_0, 0.995, 0, 0.001, 0.125, 0.995, 0, 0.995, 0.03, 0.966
Node_Verr7_Verr4_0, 0.026, 0, 0.002, 0.001, 0.026, 0, 0.026, 0.026, 0
Node_Verr8_Verr3_0, 0.025, 0, 0, 0.008, 0.025, 0, 0.025, 0.024, 0.001
Node_Verr8_Verr5_0, 0.024, 0, 0.001, 0.006, 0.024, 0, 0.024, 0.024, 0
Node_WOR1_WOR2_0, 0, 0, 0.001, 0.001, 0, 0.001, 0, 0, 0
Node_Zixi2_Zixi1_0, 0.001, 0, 0.002, 0.003, 0.001, 0, 0.001, 0, 0.003
Node_Zixi4_Zixi3_0, 0, 0, 0.001, 0.002, 0, 0, 0, 0, 0.001
Node_Zixi5_Late2_0, 0.002, 0, 0, 0.002, 0.002, 0.002, 0.002, 0.002, 0
Node_Zixi5_TA06A1_0, 0, 0, 0.001, 0, 0, 0, 0, 0, 0
Node_Zixi5_UBP14X1_0, 0.001, 0, 0.001, 0.001, 0.001, 0, 0.001, 0.001, 0
Node_chloroArabidopsis_chloroChlorophyta_0, 0, 0, 0.004, 0.003, 0, 0, 0, 0, 0.002
Node_chloroArabidopsis_chloroLycophyte_0, 0, 0, 0.002, 0.002, 0, 0, 0, 0, 0.002
Node_chloroArabidopsis_chloroRedAlgae_0, 0.002, 0, 0, 0, 0.002, 0, 0.002, 0, 0.002
Node_mitoAnnelida_mitoChelicerate_0, 0, 0, 0.001, 0.001, 0, 0, 0, 0, 0.001
Node_mitoAnnelida_mitoMollusc_0, 0.003, 0, 0.001, 0.001, 0.003, 0, 0.003, 0.002, 0.001
Node_mitoAnnelida_mitoPriapulid_0, 0.003, 0, 0, 0, 0.003, 0, 0.003, 0, 0.003
Node_mitoArabidopsis_mitoLycophyte_0, 0.001, 0, 0.002, 0.003, 0.001, 0, 0.001, 0.001, 0.002
Node_mitoBryophyte_mitoArabidopsis_0, 0.001, 0, 0.001, 0.001, 0.001, 0, 0.001, 0, 0.002
Node_mitoBryophyte_mitoRedAlgae_0, 0, 0, 0.002, 0.002, 0, 0, 0, 0, 0.002
Node_mitoFungi_mitoBryophyte_0, 0, 0, 0.003, 0.001, 0, 0, 0, 0, 0
OLB1X1, 0, 0, 0.002, 0.003, 0, 0, 0, 0, 0.002
Omni2, 0, 0, 0.005, 0.007, 0, 0, 0, 0, 0.005
Omni3, 0, 0, 0.004, 0.004, 0, 0, 0, 0, 0.004
Omni4, 0, 0, 0.001, 0.001, 0, 0, 0, 0, 0.001
Omni6, 0, 0, 0.005, 0.006, 0, 0, 0, 0, 0.005
Omni7, 0, 0, 0.002, 0.002, 0, 0, 0, 0, 0.002
Omni8, 0, 0, 0.001, 0.001, 0, 0, 0, 0, 0.001
P4572X1, 0, 0, 0.002, 0.002, 0, 0, 0, 0, 0.002
Pate1, 0, 0, 0.003, 0.003, 0, 0, 0, 0, 0.003
Pate10, 0, 0, 0.002, 0.003, 0, 0, 0, 0, 0.002
Pate11, 0, 0, 0.003, 0.004, 0, 0, 0, 0, 0.003
Pate12, 0, 0, 0.001, 0.001, 0, 0, 0, 0, 0.001
Pate13, 0, 0, 0.002, 0.002, 0, 0, 0, 0, 0.002
Pate14, 0, 0, 0.007, 0.008, 0, 0, 0, 0, 0.007
Pate15, 0, 0, 0.004, 0.005, 0, 0, 0, 0, 0.004
Pate18, 0, 0, 0.001, 0.002, 0, 0, 0, 0, 0.001
Pate19, 0, 0, 0.001, 0.001, 0, 0, 0, 0, 0.001
Pate21, 0, 0, 0.002, 0.002, 0, 0, 0, 0, 0.002
Pate22, 0, 0, 0.008, 0.01, 0, 0.001, 0, 0, 0.007
Pate23, 0, 0, 0.005, 0.008, 0, 0, 0, 0, 0.005
Pate24, 0, 0, 0.005, 0.005, 0, 0, 0, 0, 0.005
Pate25, 0, 0, 0.002, 0.002, 0, 0, 0, 0, 0.002
Pate26, 0, 0, 0.001, 0.001, 0, 0, 0, 0, 0.001
Pate28, 0, 0, 0.003, 0.003, 0, 0, 0, 0, 0.003
Pate29, 0, 0, 0.002, 0.002, 0, 0, 0, 0, 0.002
Pate30, 0, 0, 0.003, 0.005, 0, 0, 0, 0, 0.003
Pate31, 0, 0, 0.008, 0.008, 0, 0, 0, 0, 0.008
Pate32, 0, 0, 0.004, 0.005, 0, 0, 0, 0, 0.004
Pate33, 0, 0, 0.002, 0.003, 0, 0, 0, 0, 0.002
Pate34, 0, 0, 0.003, 0.003, 0, 0, 0, 0, 0.003
Pate35, 0, 0, 0.003, 0.004, 0, 0, 0, 0, 0.003
Pate36, 0, 0, 0.001, 0.001, 0, 0, 0, 0, 0.001
Pate37, 0, 0, 0.001, 0.001, 0, 0, 0, 0, 0.001
Pate38, 0, 0, 0.002, 0.002, 0, 0, 0, 0, 0.002
Pate39, 0, 0, 0.001, 0.001, 0, 0, 0, 0, 0.001
Pate4, 0, 0, 0.003, 0.003, 0, 0, 0, 0, 0.003
Pate40, 0, 0, 0.003, 0.004, 0, 0, 0, 0, 0.003
Pate41, 0, 0, 0.002, 0.002, 0, 0, 0, 0, 0.002
Pate43, 0, 0, 0.004, 0.004, 0, 0, 0, 0, 0.004
Pate44, 0, 0, 0.003, 0.003, 0, 0, 0, 0, 0.003
Pate48, 0, 0, 0.002, 0.003, 0, 0, 0, 0, 0.002
Pate49, 0, 0, 0.004, 0.005, 0, 0, 0, 0, 0.004
Pate5, 0, 0, 0.002, 0.002, 0, 0, 0, 0, 0.002
Pate50, 0, 0, 0.002, 0.002, 0, 0, 0, 0, 0.002
Pate51, 0, 0, 0.004, 0.006, 0, 0, 0, 0, 0.004
Pate52, 0, 0, 0.003, 0.003, 0, 0, 0, 0, 0.003
Pate53, 0, 0, 0.002, 0.002, 0, 0, 0, 0, 0.002
Pate54, 0, 0, 0.001, 0.001, 0, 0, 0, 0, 0.001
Pate55, 0, 0, 0.002, 0.002, 0, 0, 0, 0, 0.002
Pate57, 0, 0, 0.001, 0.001, 0, 0, 0, 0, 0.001
Pate6, 0, 0, 0.004, 0.004, 0, 0, 0, 0, 0.004
Pate7, 0, 0, 0.003, 0.004, 0, 0, 0, 0, 0.003
Pate9, 0, 0, 0.001, 0.001, 0, 0, 0, 0, 0.001
Plan12, 0, 0, 0.003, 0.005, 0, 0, 0, 0, 0.003
Plan14, 0, 0, 0.003, 0.003, 0, 0, 0, 0, 0.003
Plan16, 0, 0, 0.002, 0.001, 0, 0, 0, 0, 0.001
Plan17, 0, 0, 0.001, 0.003, 0, 0, 0, 0, 0.001
Plan2, 0, 0, 0.003, 0.003, 0, 0, 0, 0, 0.003
Plan21, 0, 0, 0.002, 0.002, 0, 0, 0, 0, 0.002
Plan22, 0, 0, 0.002, 0.002, 0, 0, 0, 0, 0.002
Plan26, 0, 0, 0.002, 0.003, 0, 0, 0, 0, 0.002
Plan27, 0, 0, 0.001, 0.001, 0, 0, 0, 0, 0.001
Plan3, 0, 0, 0.003, 0.003, 0, 0, 0, 0, 0.002
Plan30, 0, 0, 0.001, 0.002, 0, 0, 0, 0, 0.001
Plan31, 0, 0, 0.002, 0.002, 0, 0, 0, 0, 0.002
Plan39, 0, 0, 0.001, 0.002, 0, 0, 0, 0, 0.001
Plan4, 0, 0, 0.002, 0.003, 0, 0, 0, 0, 0.002
Plan40, 0, 0, 0.002, 0.001, 0, 0, 0, 0, 0.001
Plan42, 0, 0, 0.003, 0.003, 0, 0, 0, 0, 0.002
Plan43, 0, 0, 0.002, 0.001, 0, 0, 0, 0, 0.001
Plan44, 0, 0, 0.003, 0.003, 0, 0, 0, 0, 0.003
Plan5, 0, 0, 0.003, 0.004, 0, 0, 0, 0, 0.003
Plan7, 0, 0, 0.006, 0.009, 0, 0, 0, 0, 0.006
Pori1, 0, 0, 0.004, 0.003, 0, 0, 0, 0, 0.002
Pori2, 0, 0, 0.004, 0.003, 0, 0, 0, 0, 0.002
ProtA10, 0, 0, 0.002, 0.002, 0, 0, 0, 0, 0.001
ProtA12, 0, 0, 0.001, 0.001, 0, 0, 0, 0, 0.001
ProtA13, 0, 0, 0.001, 0.001, 0, 0, 0, 0, 0
ProtA14, 0, 0, 0.003, 0.002, 0, 0, 0, 0, 0
ProtA16, 0, 0, 0.002, 0.001, 0, 0, 0, 0, 0.001
ProtA18, 0, 0, 0.003, 0.002, 0, 0, 0, 0, 0.002
ProtA19, 0, 0, 0.005, 0.004, 0, 0, 0, 0, 0.002
ProtA2, 0, 0, 0.001, 0.001, 0, 0, 0, 0, 0.001
ProtA20, 0, 0, 0.001, 0.001, 0, 0, 0, 0, 0.001
ProtA21, 0, 0, 0.003, 0.003, 0, 0, 0, 0, 0.003
ProtA24, 0, 0, 0.002, 0.002, 0, 0, 0, 0, 0.002
ProtA26, 0, 0, 0.002, 0.002, 0, 0, 0, 0, 0.002
ProtA29, 0, 0, 0.001, 0.001, 0, 0, 0, 0, 0.001
ProtA3, 0, 0, 0.004, 0.004, 0, 0, 0, 0, 0.001
ProtA30, 0, 0, 0.001, 0.001, 0, 0, 0, 0, 0.001
ProtA31, 0, 0, 0.002, 0.004, 0, 0, 0, 0, 0.002
ProtA32, 0, 0, 0.001, 0.001, 0, 0, 0, 0, 0.001
ProtA33, 0, 0, 0.002, 0.001, 0, 0, 0, 0, 0
ProtA34, 0, 0, 0.002, 0.002, 0, 0, 0, 0, 0.002
ProtA35, 0, 0, 0.003, 0.004, 0, 0, 0, 0, 0.003
ProtA36, 0, 0, 0.002, 0.002, 0, 0, 0, 0, 0.002
ProtA37, 0, 0, 0.001, 0.001, 0, 0, 0, 0, 0.001
ProtA38, 0, 0, 0.001, 0.001, 0, 0, 0, 0, 0.001
ProtA39, 0, 0, 0.001, 0.001, 0, 0, 0, 0, 0.001
ProtA40, 0, 0, 0.002, 0.002, 0, 0, 0, 0, 0.002
ProtA41, 0, 0, 0.003, 0.003, 0, 0, 0, 0, 0.003
ProtA42, 0, 0, 0.004, 0.004, 0, 0, 0, 0, 0.004
ProtA43, 0, 0, 0.002, 0.003, 0, 0, 0, 0, 0.002
ProtA45, 0, 0, 0.001, 0.001, 0, 0, 0, 0, 0.001
ProtA46, 0, 0, 0.002, 0.001, 0, 0, 0, 0, 0
ProtA47, 0, 0, 0.175, 0.021, 0, 0, 0, 0, 0
ProtA48, 0, 0, 0.005, 0.001, 0, 0, 0, 0, 0.001
ProtA49, 0, 0, 0.003, 0.001, 0, 0, 0, 0, 0
ProtA5, 0, 0, 0.002, 0.002, 0, 0, 0, 0, 0.002
ProtA51, 0, 0, 0.002, 0.003, 0, 0, 0, 0, 0.002
ProtA52, 0, 0, 0.001, 0.001, 0, 0, 0, 0, 0.001
ProtA53, 1, 0, 0.001, 0.243, 1, 0, 1, 0.03, 0.971
ProtA54, 0, 0, 0.003, 0.003, 0, 0, 0, 0, 0.003
ProtA55, 0, 0, 0.002, 0.001, 0, 0, 0, 0, 0
ProtA57, 0, 0, 0.003, 0.002, 0, 0, 0, 0, 0.002
ProtA58, 0, 0, 0.032, 0.008, 0, 0, 0, 0, 0.002
ProtA60, 0, 0, 0.011, 0.009, 0, 0, 0, 0, 0.002
ProtA61, 0, 0, 0.002, 0.002, 0, 0, 0, 0, 0.001
ProtA62, 0, 0, 0.001, 0.001, 0, 0, 0, 0, 0
ProtA63, 1, 0, 0, 0.065, 1, 0.001, 1, 0.176, 0.824
ProtA66, 0, 0, 0.003, 0.003, 0, 0, 0, 0, 0.002
ProtA69, 0, 0, 0.001, 0.001, 0, 0, 0, 0, 0.001
ProtA7, 0, 0, 0.001, 0.001, 0, 0, 0, 0, 0.001
ProtA70, 0, 0, 0.003, 0.003, 0, 0, 0, 0, 0.002
ProtA71, 0, 0, 0.002, 0.001, 0, 0, 0, 0, 0.001
ProtA72, 0, 0, 0.003, 0.001, 0, 0, 0, 0, 0
ProtA74, 0, 0, 0.002, 0.001, 0, 0, 0, 0, 0.001
ProtA75, 0, 0, 0.001, 0.001, 0, 0, 0, 0, 0.001
ProtA76, 0, 0, 0.003, 0.003, 0, 0, 0, 0, 0.002
ProtA8, 0, 0, 0.003, 0.003, 0, 0, 0, 0, 0.003
ProtA9, 1, 0, 0.001, 0.316, 1, 0, 1, 0.009, 0.992
ProtG1, 0, 0, 0.038, 0.01, 0, 0, 0, 0, 0.002
ProtG10, 1, 0, 0.084, 0.032, 1, 0, 1, 0.192, 0.808
ProtG11, 0, 0, 0.016, 0.016, 0, 0, 0, 0, 0.001
ProtG12, 1, 0, 0.005, 0.052, 1, 0, 1, 0.262, 0.739
ProtG13, 0, 0, 0.791, 0.018, 0, 0, 0, 0, 0.002
ProtG14, 0, 0, 0.181, 0.066, 0, 0, 0, 0, 0.002
ProtG15, 0, 0, 0.002, 0.002, 0, 0, 0, 0, 0.001
ProtG16, 0, 0, 0.142, 0.095, 0, 0, 0, 0, 0
ProtG17, 0, 0, 0.144, 0.102, 0, 0, 0, 0, 0.002
ProtG18, 0, 0, 0.006, 0.002, 0, 0, 0, 0, 0
ProtG19, 0, 0, 0.004, 0.004, 0, 0, 0, 0, 0.001
ProtG20, 0, 0, 0.008, 0.006, 0, 0, 0, 0, 0
ProtG21, 0, 0, 0.007, 0.005, 0, 0, 0, 0, 0.001
ProtG22, 1, 0, 0.002, 0.434, 1, 0, 1, 0.876, 0.125
ProtG24, 1, 0, 0.011, 0.16, 1, 0, 1, 0.888, 0.113
ProtG25, 0, 0, 0.005, 0.004, 0, 0, 0, 0, 0.001
ProtG26, 0, 0, 0.01, 0.004, 0, 0, 0, 0, 0.004
ProtG27, 0, 0, 0.009, 0.004, 0, 0, 0, 0, 0.003
ProtG28, 0, 0, 0.05, 0.03, 0, 0, 0, 0, 0.001
ProtG3, 0, 0, 0.003, 0.003, 0, 0, 0, 0, 0.002
ProtG30, 0, 0, 0.005, 0.007, 0, 0, 0, 0, 0.002
ProtG31, 0, 0, 0.844, 0.281, 0, 0, 0, 0, 0.002
ProtG32, 0, 0, 0.006, 0.006, 0, 0, 0, 0, 0
ProtG33, 1, 0, 0.015, 0.196, 1, 0, 1, 0.118, 0.882
ProtG34, 0, 0, 0.076, 0.026, 0, 0, 0, 0, 0
ProtG35, 0, 0, 0.01, 0.008, 0, 0, 0, 0, 0.003
ProtG36, 0, 0, 0.01, 0.006, 0, 0, 0, 0, 0.002
ProtG37, 0, 0, 0.002, 0.003, 0, 0, 0, 0, 0.001
ProtG38, 0, 0, 0.007, 0.005, 0, 0, 0, 0, 0
ProtG39, 0, 0, 0.002, 0.001, 0, 0, 0, 0, 0.001
ProtG4, 0, 0, 0.001, 0, 0, 0, 0, 0, 0
ProtG41, 0, 0, 0.001, 0.001, 0, 0, 0, 0, 0.001
ProtG42, 0, 0, 0.018, 0.017, 0, 0, 0, 0, 0.001
ProtG43, 0, 0, 0.002, 0.002, 0, 0, 0, 0, 0
ProtG44, 0, 0, 0.877, 0.274, 0, 0, 0, 0, 0
ProtG45, 0, 0, 0.004, 0.003, 0, 0, 0, 0, 0.001
ProtG46, 0, 0, 0.008, 0.009, 0, 0, 0, 0, 0.001
ProtG47, 1, 0, 0.001, 0.04, 1, 0, 1, 0.939, 0.061
ProtG48, 0, 0, 0.003, 0.003, 0, 0, 0, 0, 0
ProtG49, 0, 0, 0.005, 0.006, 0, 0, 0, 0, 0.001
ProtG5, 0, 0, 0.267, 0.021, 0, 0, 0, 0, 0.001
ProtG50, 1, 0, 0.003, 0.847, 1, 0, 1, 0.991, 0.01
ProtG51, 0, 0, 0.001, 0, 0, 0, 0, 0, 0
ProtG52, 0, 0, 0.772, 0.575, 0, 0, 0, 0, 0
ProtG53, 0, 0, 0.002, 0.001, 0, 0, 0, 0, 0
ProtG54, 0, 0, 0.006, 0.009, 0, 0, 0, 0, 0
ProtG55, 0, 0, 0.003, 0.001, 0, 0, 0, 0, 0.001
ProtG56, 1, 0, 0.009, 0.011, 1, 0, 1, 0.889, 0.113
ProtG57, 0, 0, 0.107, 0.035, 0, 0, 0, 0, 0.003
ProtG58, 0, 0, 0.866, 0.202, 0, 0, 0, 0, 0.002
ProtG59, 0, 0, 0.89, 0.205, 0, 0, 0, 0, 0.001
ProtG6, 0, 0, 0.005, 0.004, 0, 0, 0, 0, 0.002
ProtG61, 0, 0, 0.003, 0.005, 0, 0, 0, 0, 0.003
ProtG62, 0, 0, 0.016, 0.012, 0, 0, 0, 0, 0
ProtG63, 1, 0, 0.013, 0.751, 1, 0, 1, 0.991, 0.012
ProtG64, 0, 0, 0.006, 0.007, 0, 0, 0, 0, 0.004
ProtG65, 0, 0, 0.007, 0.007, 0, 0, 0, 0, 0.002
ProtG66, 0, 0, 0.005, 0.005, 0, 0, 0, 0, 0
ProtG67, 1, 0, 0.01, 0.704, 1, 0, 1, 0.993, 0.009
ProtG68, 0, 0, 0.006, 0.001, 0, 0, 0, 0, 0.001
ProtG69, 0, 0, 0.008, 0.009, 0, 0, 0, 0, 0.003
ProtG7, 0, 0, 0.14, 0.06, 0, 0, 0, 0, 0.007
ProtG70, 0, 0, 0.003, 0.002, 0, 0, 0, 0, 0.001
ProtG71, 0, 0, 0.056, 0.013, 0, 0, 0, 0, 0.002
ProtG72, 0, 0, 0.029, 0.018, 0, 0, 0, 0, 0.001
ProtG73, 1, 0, 0.001, 0.146, 1, 0, 1, 0.889, 0.112
ProtG74, 0, 0, 0.017, 0.01, 0, 0, 0, 0, 0
ProtG75, 0, 0, 0.01, 0.008, 0, 0, 0, 0, 0.007
ProtG76, 0, 0, 0.004, 0.004, 0, 0, 0, 0, 0.004
ProtG77, 0, 0, 0.016, 0.012, 0, 0, 0, 0, 0
ProtG78, 0, 0, 0.005, 0.003, 0, 0, 0, 0, 0.001
ProtG79, 0, 0, 0.006, 0.005, 0, 0, 0, 0, 0.003
ProtG8, 0, 0, 0.004, 0.003, 0, 0, 0, 0, 0.002
ProtG80, 1, 0, 0.006, 0.185, 1, 0, 1, 0.099, 0.902
ProtG81, 0, 0, 0.004, 0.003, 0, 0, 0, 0, 0.001
ProtG82, 1, 0, 0.002, 0.152, 1, 0, 1, 0.243, 0.759
ProtG83, 1, 0, 0.001, 0.289, 1, 0, 1, 0.771, 0.229
ProtG84, 0, 0, 0.015, 0.011, 0, 0, 0, 0, 0
ProtG85, 0, 0, 0.001, 0.002, 0, 0, 0, 0, 0
ProtG86, 0, 0, 0.246, 0.023, 0, 0, 0, 0, 0.003
ProtG87, 0, 0, 0.002, 0.003, 0, 0, 0, 0, 0.001
ProtG88, 0, 0, 0.872, 0.011, 0, 0, 0, 0, 0.002
ProtG89, 1, 0, 0.003, 0.012, 1, 0, 1, 0.786, 0.214
ProtG9, 0, 0, 0.005, 0.003, 0, 0, 0, 0, 0.001
ProtG90, 0, 0, 0.006, 0.003, 0, 0, 0, 0, 0
ProtG91, 0, 0, 0.002, 0.001, 0, 0, 0, 0, 0.001
ProtM3, 0, 0, 0.001, 0.001, 0, 0, 0, 0, 0.001
ProtZ1, 0, 0, 0.004, 0.002, 0, 0, 0, 0, 0.002
ProtZ2, 0, 0, 0.002, 0.002, 0, 0, 0, 0, 0
ProtZ3, 0, 0, 0.004, 0.001, 0, 0, 0, 0, 0.001
ProtZ4, 0, 0, 0.005, 0.005, 0, 0, 0, 0, 0.003
ProtZ5, 0, 0, 0.007, 0.005, 0, 0, 0, 0, 0.002
RBG1, 0, 0, 0.002, 0.002, 0, 0, 0, 0, 0.002
Rifl1, 0, 0, 0.003, 0.003, 0, 0.001, 0, 0, 0.002
SAR3X1, 0, 0, 0.003, 0.004, 0, 0, 0, 0, 0.003
SAR3X2, 0, 0, 0.002, 0.003, 0, 0, 0, 0, 0.002
SLNR1, 0, 0, 0.001, 0.001, 0, 0, 0, 0, 0.001
SM23X1, 0, 0, 0.002, 0.003, 0, 0, 0, 0, 0.002
SZUA1, 0, 0, 0.003, 0.004, 0, 0, 0, 0, 0.002
SZUA2, 0, 0, 0.005, 0.006, 0, 0, 0, 0, 0.005
Sche1, 0, 0, 0.004, 0.003, 0, 0, 0, 0, 0.002
Spir10, 0, 0, 0.002, 0.002, 0, 0, 0, 0, 0.002
Spir12, 0, 0, 0.003, 0.003, 0, 0, 0, 0, 0.003
Spir15, 0, 0, 0.001, 0.001, 0, 0, 0, 0, 0.001
Spir3, 0, 0, 0.002, 0.003, 0, 0, 0, 0, 0.002
Spir4, 0, 0, 0.002, 0.002, 0, 0, 0, 0, 0.002
Spir8, 0, 0, 0.001, 0.001, 0, 0, 0, 0, 0.001
Spir9, 0, 0, 0.001, 0.002, 0, 0, 0, 0, 0.001
Sume1, 0, 0, 0.001, 0.001, 0, 0, 0, 0, 0.001
Syne10, 0, 0, 0.001, 0.002, 0, 0, 0, 0, 0.001
Syne2, 0, 0, 0.001, 0.001, 0, 0, 0, 0, 0.001
Syne3, 0, 0, 0.001, 0.001, 0, 0, 0, 0, 0
Syne5, 0, 0, 0.001, 0.001, 0, 0, 0, 0, 0.001
Syne6, 0, 0, 0.002, 0.002, 0, 0, 0, 0, 0.001
Syne7, 0, 0, 0.002, 0.003, 0, 0, 0, 0, 0.002
Syne8, 0, 0, 0.003, 0.002, 0, 0, 0, 0, 0.002
Syne9, 0, 0, 0.003, 0.003, 0, 0, 0, 0, 0.003
TA06A1, 0, 0, 0.003, 0.003, 0, 0, 0, 0, 0.003
TA06X1, 0, 0, 0.001, 0.001, 0, 0, 0, 0, 0.001
Therd1, 0, 0, 0.002, 0.002, 0, 0.001, 0, 0, 0.001
Therg2, 0, 0, 0.004, 0.003, 0, 0, 0, 0, 0.002
Therg3, 0, 0, 0.004, 0.004, 0, 0, 0, 0, 0.004
Therg4, 0, 0, 0.003, 0.002, 0, 0, 0, 0, 0.001
Therg5, 0, 0, 0.001, 0.001, 0, 0, 0, 0, 0.001
Therg6, 0, 0, 0.002, 0.002, 0, 0, 0, 0, 0.002
Therg8, 0, 0, 0.004, 0.005, 0, 0, 0, 0, 0.004
Thers1, 0, 0, 0.001, 0.001, 0, 0, 0, 0, 0.001
UBA1X1, 0, 0, 0.004, 0.004, 0, 0, 0, 0, 0.003
UBA1X3, 0, 0, 0.002, 0.002, 0, 0, 0, 0, 0.002
UBA1X4, 0, 0, 0.005, 0.005, 0, 0, 0, 0, 0.002
UBA1X5, 0, 0, 0.005, 0.004, 0, 0, 0, 0, 0.002
UBA1X6, 0, 0, 0.005, 0.005, 0, 0, 0, 0, 0.004
UBA2X1, 0, 0, 0.002, 0.002, 0, 0, 0, 0, 0.002
UBA6X1, 0, 0, 0.004, 0.004, 0, 0, 0, 0, 0.004
UBA9X1, 0, 0, 0.001, 0.001, 0, 0, 0, 0, 0.001
UBA9X3, 0, 0, 0.001, 0.001, 0, 0, 0, 0, 0.001
UBP13X1, 0, 0, 0.004, 0.004, 0, 0, 0, 0, 0.003
UBP14X1, 0, 0, 0.004, 0.006, 0, 0, 0, 0, 0.003
UBP4X1, 0, 0, 0.003, 0.003, 0, 0, 0, 0, 0.003
UBP6X1, 0, 0, 0.002, 0.003, 0, 0, 0, 0, 0.002
Verr10, 1, 0, 0.001, 0.098, 1, 0, 1, 0.07, 0.931
Verr11, 0, 0, 0.985, 0.255, 0, 0, 0, 0, 0.001
Verr12, 1, 0, 0.004, 0.264, 1, 0, 1, 0.981, 0.02
Verr13, 0, 0, 0.036, 0.013, 0, 0, 0, 0, 0.006
Verr14, 1, 0, 0.001, 0.079, 1, 0, 1, 0.985, 0.016
Verr2, 1, 0, 0.002, 0.007, 1, 0, 1, 0.995, 0.007
Verr3, 0, 0, 0.071, 0.017, 0, 0, 0, 0, 0.001
Verr4, 0, 0, 0.026, 0.005, 0, 0, 0, 0, 0
Verr5, 0, 0, 0.004, 0.004, 0, 0, 0, 0, 0.002
Verr6, 0, 0, 0.003, 0.002, 0, 0, 0, 0, 0.001
Verr7, 1, 0, 0, 0.115, 1, 0, 1, 0.995, 0.005
Verr8, 0, 0, 0.027, 0.007, 0, 0, 0, 0, 0.002
Verr9, 0, 0, 0.089, 0.012, 0, 0, 0, 0, 0.002
WOR1, 0, 0, 0.001, 0.001, 0, 0, 0, 0, 0.001
WOR2, 0, 0, 0.002, 0.002, 0, 0, 0, 0, 0.002
WOR3, 0, 0, 0.002, 0.005, 0, 0, 0, 0, 0.002
WOR4, 0, 0, 0.001, 0.001, 0, 0, 0, 0, 0.001
WOR6, 0, 0, 0.003, 0.003, 0, 0, 0, 0, 0.003
WOR7, 0, 0, 0.001, 0.001, 0, 0, 0, 0, 0.001
Wall1, 0, 0, 0.003, 0.005, 0, 0, 0, 0, 0.003
Zixi1, 0, 0, 0.001, 0, 0, 0, 0, 0, 0
Zixi2, 0, 0, 0.003, 0.003, 0, 0, 0, 0, 0.002
Zixi3, 0, 0, 0.002, 0.002, 0, 0, 0, 0, 0.002
Zixi4, 0, 0, 0.001, 0.001, 0, 0, 0, 0, 0.001
Zixi5, 0, 0, 0.002, 0.003, 0, 0, 0, 0, 0.002
chloroChlorophyta, 0, 0, 0.003, 0.003, 0, 0, 0, 0, 0.003
chloroLycophyte, 0, 0, 0.001, 0.001, 0, 0, 0, 0, 0.001
chloroRedAlgae, 0, 0, 0.002, 0.002, 0, 0, 0, 0, 0
mitoAnnelida, 0, 0, 0.004, 0.003, 0, 0, 0, 0, 0.001
mitoArabidopsis, 0, 0, 0.002, 0.003, 0, 0, 0, 0, 0.001
mitoBryophyte, 0, 0, 0.004, 0.003, 0, 0, 0, 0, 0.003
mitoChelicerate, 0, 0, 0.001, 0.001, 0, 0, 0, 0, 0.001
mitoChlorophyta, 0, 0, 0.002, 0.002, 0, 0, 0, 0, 0.002
mitoExcavata, 0, 0, 0.001, 0.002, 0, 0, 0, 0, 0.001
mitoFungi, 0, 0, 0.002, 0.002, 0, 0, 0, 0, 0.002
mitoLycophyte, 0, 0, 0.002, 0.001, 0, 0, 0, 0, 0.001
mitoMollusc, 0, 0, 0.003, 0.001, 0, 0, 0, 0, 0
mitoPriapulid, 0, 0, 0.003, 0.001, 0, 0, 0, 0, 0
mitoRedAlgae, 0, 0, 0.001, 0.001, 0, 0, 0, 0, 0.001
