species_label, speciations, duplications, losses, transfers, presence, origination, copies, singletons, transfers_to
AABM5X1, 0, 0, 0.001, 0.001, 0, 0, 0, 0, 0.001
AABM5X3, 0, 0, 0.002, 0.004, 0, 0, 0, 0, 0.002
Abys1, 0, 0, 0.003, 0.003, 0, 0, 0, 0, 0.003
Acid11, 0, 0, 0.003, 0.003, 0, 0, 0, 0, 0.003
Acid18, 0, 0, 0.003, 0.006, 0, 0, 0, 0, 0.003
Acid2, 0, 0, 0.005, 0.005, 0, 0, 0, 0, 0.005
Acid20, 0, 0, 0.001, 0, 0, 0, 0, 0, 0
Acid21, 0, 0, 0.001, 0.001, 0, 0, 0, 0, 0.001
Acid22, 0, 0, 0.005, 0.006, 0, 0, 0, 0, 0.005
Acid23, 0, 0, 0.007, 0.007, 0, 0, 0, 0, 0.007
Acid24, 0, 0, 0.003, 0.002, 0, 0, 0, 0, 0.002
Acid25, 0, 0, 0.004, 0.004, 0, 0, 0, 0, 0.004
Acid26, 0, 0, 0.004, 0.004, 0, 0, 0, 0, 0.003
Acid27, 0, 0, 0.003, 0.002, 0, 0, 0, 0, 0.001
Acid28, 0, 0, 0.002, 0.006, 0, 0, 0, 0, 0.002
Acid29, 0, 0, 0.003, 0.003, 0, 0, 0, 0, 0.001
Acid30, 0, 0, 0.001, 0.001, 0, 0, 0, 0, 0.001
Acid31, 0, 0, 0.003, 0.004, 0, 0, 0, 0, 0.003
Acid32, 0, 0, 0.001, 0, 0, 0, 0, 0, 0
Acid33, 0, 0, 0.005, 0.006, 0, 0, 0, 0, 0.002
Acid34, 0, 0, 0.001, 0.001, 0, 0, 0, 0, 0.001
Acid35, 0, 0, 0.001, 0, 0, 0, 0, 0, 0
Acid36, 0, 0, 0.003, 0.004, 0, 0, 0, 0, 0.003
Acid38, 0, 0, 0.001, 0.001, 0, 0, 0, 0, 0.001
Acid39, 0, 0, 0.003, 0.003, 0, 0, 0, 0, 0.002
Acid4, 0, 0, 0.005, 0.006, 0, 0, 0, 0, 0.003
Acid40, 0, 0, 0.001, 0.001, 0, 0, 0, 0, 0
Acid5, 0, 0, 0.003, 0.004, 0, 0, 0, 0, 0.003
Acid6, 0, 0, 0.001, 0.002, 0, 0, 0, 0, 0.001
Acid7, 0, 0, 0.002, 0.003, 0, 0, 0, 0, 0.001
Acid8, 0, 0, 0.003, 0.005, 0, 0, 0, 0, 0.002
Acid9, 0, 0, 0.002, 0.002, 0, 0, 0, 0, 0.002
Acti10, 0, 0, 0.006, 0.009, 0, 0, 0, 0, 0.004
Acti11, 0, 0, 0.002, 0.002, 0, 0, 0, 0, 0.002
Acti12, 0, 0, 0.001, 0.001, 0, 0, 0, 0, 0.001
Acti13, 0, 0, 0.002, 0.003, 0, 0, 0, 0, 0.002
Acti14, 0, 0, 0.003, 0.002, 0, 0, 0, 0, 0.002
Acti15, 0, 0, 0.865, 0.004, 0, 0, 0, 0, 0.001
Acti16, 0, 0, 0.002, 0.002, 0, 0, 0, 0, 0.002
Acti19, 0, 0, 0.002, 0.001, 0, 0, 0, 0, 0.001
Acti2, 0, 0, 0.005, 0.007, 0, 0, 0, 0, 0.005
Acti20, 0, 0, 0.003, 0.003, 0, 0, 0, 0, 0.003
Acti21, 0, 0, 0.002, 0.002, 0, 0, 0, 0, 0.002
Acti22, 0, 0, 0.003, 0.003, 0, 0, 0, 0, 0.003
Acti23, 0, 0, 0.004, 0.005, 0, 0, 0, 0, 0.003
Acti24, 0, 0, 0.003, 0.003, 0, 0, 0, 0, 0
Acti25, 0, 0, 0.004, 0.005, 0, 0, 0, 0, 0.002
Acti26, 0, 0, 0.003, 0.003, 0, 0, 0, 0, 0.003
Acti27, 0, 0, 0.003, 0.004, 0, 0, 0, 0, 0.003
Acti28, 0, 0, 0.002, 0.004, 0, 0, 0, 0, 0.002
Acti29, 0, 0, 0.002, 0.002, 0, 0, 0, 0, 0.002
Acti3, 0, 0, 0.002, 0.002, 0, 0, 0, 0, 0
Acti30, 0, 0, 0.001, 0.001, 0, 0, 0, 0, 0.001
Acti31, 0, 0, 0.003, 0.004, 0, 0, 0, 0, 0.001
Acti32, 0, 0, 0.002, 0.002, 0, 0, 0, 0, 0.001
Acti33, 0, 0, 0.002, 0.001, 0, 0, 0, 0, 0.001
Acti35, 0, 0, 0.002, 0.002, 0, 0, 0, 0, 0.001
Acti36, 0, 0, 0.001, 0.002, 0, 0, 0, 0, 0.001
Acti37, 0, 0, 0.002, 0.001, 0, 0, 0, 0, 0.001
Acti38, 1, 0, 0.002, 0.05, 1, 0, 1, 0.89, 0.11
Acti39, 0, 0, 0.002, 0.003, 0, 0, 0, 0, 0.002
Acti4, 0, 0, 0.004, 0.005, 0, 0, 0, 0, 0.004
Acti40, 1, 0, 0.005, 0.057, 1, 0, 1, 0.869, 0.136
Acti41, 0, 0, 0.004, 0.004, 0, 0, 0, 0, 0.004
Acti42, 0, 0, 0.001, 0.001, 0, 0, 0, 0, 0.001
Acti43, 0, 0, 0.001, 0.001, 0, 0, 0, 0, 0.001
Acti45, 0, 0, 0.001, 0.001, 0, 0, 0, 0, 0.001
Acti46, 0, 0, 0.003, 0.004, 0, 0, 0, 0, 0.003
Acti47, 0, 0, 0.002, 0.003, 0, 0, 0, 0, 0.002
Acti48, 0, 0, 0.002, 0.003, 0, 0, 0, 0, 0.001
Acti49, 0, 0, 0.001, 0, 0, 0, 0, 0, 0
Acti5, 0, 0, 0.002, 0.002, 0, 0, 0, 0, 0.001
Acti51, 0, 0, 0.003, 0.004, 0, 0, 0, 0, 0.003
Acti52, 0, 0, 0.003, 0.003, 0, 0, 0, 0, 0.003
Acti6, 0, 0, 0.004, 0.004, 0, 0, 0, 0, 0.003
Acti7, 0, 0, 0.002, 0.001, 0, 0, 0, 0, 0
Acti8, 0, 0, 0.004, 0.002, 0, 0, 0, 0, 0.001
Acti9, 0, 0, 0.001, 0.001, 0, 0, 0, 0, 0.001
Aero1, 0, 0, 0.002, 0.002, 0, 0, 0, 0, 0.002
Aqui2, 0, 0, 0.001, 0.001, 0, 0, 0, 0, 0.001
Aqui3, 0, 0, 0.002, 0.002, 0, 0, 0, 0, 0.001
Aqui4, 0, 0, 0.001, 0.001, 0, 0, 0, 0, 0
Aqui5, 0, 0, 0.001, 0.001, 0, 0, 0, 0, 0.001
Aqui6, 0, 0, 0.003, 0.002, 0, 0, 0, 0, 0.002
Arma11, 0, 0, 0.002, 0.002, 0, 0, 0, 0, 0.002
Arma12, 0, 0, 0.004, 0.004, 0, 0, 0, 0, 0.004
Arma15, 0, 0, 0.001, 0.001, 0, 0, 0, 0, 0.001
Arma16, 0, 0, 0.002, 0.003, 0, 0, 0, 0, 0.002
Arma3, 0, 0, 0.004, 0.008, 0, 0, 0, 0, 0.004
Arma4, 0, 0, 0.002, 0.002, 0, 0, 0, 0, 0.002
Arma7, 0, 0, 0.003, 0.003, 0, 0, 0, 0, 0.003
Arma9, 0, 0, 0.002, 0.002, 0, 0, 0, 0, 0.002
Aure1, 0, 0, 0.002, 0.002, 0, 0, 0, 0, 0.002
Aure2, 0, 0, 0.001, 0.001, 0, 0, 0, 0, 0.001
B130X1, 0, 0, 0.004, 0.003, 0, 0, 0, 0, 0.003
BMS3X1, 0, 0, 0.002, 0.002, 0, 0, 0, 0, 0.002
Bact1, 0, 0, 0.003, 0.003, 0, 0, 0, 0, 0.002
Bact10, 0, 0, 0.002, 0.002, 0, 0, 0, 0, 0.002
Bact11, 0, 0, 0.001, 0.001, 0, 0, 0, 0, 0
Bact12, 0, 0, 0.001, 0.001, 0, 0, 0, 0, 0.001
Bact13, 0, 0, 0.003, 0.004, 0, 0, 0, 0, 0.003
Bact16, 0, 0, 0.002, 0.002, 0, 0, 0, 0, 0.002
Bact17, 0, 0, 0.003, 0.004, 0, 0, 0, 0, 0.001
Bact18, 0, 0, 0.003, 0.003, 0, 0, 0, 0, 0.002
Bact19, 0, 0, 0.024, 0.005, 0, 0, 0, 0, 0
Bact2, 0, 0, 0.004, 0.006, 0, 0, 0, 0, 0.004
Bact20, 0, 0, 0.002, 0.003, 0, 0, 0, 0, 0.001
Bact21, 0, 0, 0.247, 0.111, 0, 0, 0, 0, 0.002
Bact24, 0, 0, 0.003, 0.004, 0, 0, 0, 0, 0.003
Bact25, 0, 0, 0.001, 0.001, 0, 0, 0, 0, 0.001
Bact27, 1, 0, 0.005, 0.639, 1, 0, 1, 0.992, 0.011
Bact28, 0, 0, 0.002, 0.003, 0, 0, 0, 0, 0.002
Bact29, 1, 0, 0.003, 0.02, 1, 0, 1, 0.998, 0.004
Bact3, 0, 0, 0.002, 0.002, 0, 0, 0, 0, 0.002
Bact30, 0, 0, 0.001, 0.002, 0, 0, 0, 0, 0.001
Bact31, 0, 0, 0.001, 0.001, 0, 0, 0, 0, 0.001
Bact33, 0, 0, 0.002, 0.001, 0, 0, 0, 0, 0.001
Bact34, 0, 0, 0.003, 0.003, 0, 0, 0, 0, 0.003
Bact35, 0, 0, 0.222, 0.053, 0, 0, 0, 0, 0.001
Bact36, 0, 0, 0.006, 0.006, 0, 0, 0, 0, 0.002
Bact39, 0, 0, 0.001, 0.001, 0, 0, 0, 0, 0
Bact40, 1, 0, 0.002, 0.003, 1, 0, 1, 1, 0.001
Bact41, 1, 0, 0.002, 0.003, 1, 0, 1, 1, 0.001
Bact42, 0, 0, 0.001, 0.001, 0, 0, 0, 0, 0.001
Bact43, 0, 0, 0.004, 0.004, 0, 0, 0, 0, 0
Bact44, 0, 0, 0.016, 0.003, 0, 0, 0, 0, 0.002
Bact6, 0, 0, 0.006, 0.005, 0, 0, 0, 0, 0.004
Bact7, 0, 0, 0.001, 0, 0, 0, 0, 0, 0
Bact8, 0, 0, 0.003, 0.003, 0, 0, 0, 0, 0.002
Bact9, 1, 0, 0.002, 0.034, 1, 0, 1, 0.999, 0.003
Bdell10, 0, 0, 0.004, 0.003, 0, 0, 0, 0, 0.003
Bdell11, 0, 0, 0.004, 0.002, 0, 0, 0, 0, 0.002
Bdell13, 0, 0, 0.003, 0.003, 0, 0, 0, 0, 0.002
Bdell14, 0, 0, 0.001, 0.002, 0, 0, 0, 0, 0
Bdell15, 0, 0, 0.001, 0.001, 0, 0, 0, 0, 0
Bdell16, 0, 0, 0.001, 0.001, 0, 0, 0, 0, 0.001
Bdell17, 0, 0, 0.001, 0.001, 0, 0, 0, 0, 0.001
Bdell2, 0, 0, 0.005, 0.005, 0, 0, 0, 0, 0.004
Bdell3, 0, 0, 0.001, 0.001, 0, 0, 0, 0, 0.001
Bdell4, 0, 0, 0.003, 0.003, 0, 0, 0, 0, 0.002
Bdell5, 0, 0, 0.005, 0.008, 0, 0, 0, 0, 0.003
Bdell7, 0, 0, 0.008, 0.01, 0, 0, 0, 0, 0.006
Bdell9, 0, 0, 0.001, 0, 0, 0, 0, 0, 0
BdellC1, 0, 0, 0.002, 0.002, 0, 0, 0, 0, 0.002
BdellC2, 0, 0, 0.002, 0.004, 0, 0, 0, 0, 0.002
Bipo1, 0, 0, 0.002, 0.002, 0, 0, 0, 0, 0.002
Bipo2, 0, 0, 0.002, 0.003, 0, 0, 0, 0, 0.002
CG294X1, 0, 0, 0.001, 0.001, 0, 0, 0, 0, 0.001
CSP1X1, 0, 0, 0.003, 0.004, 0, 0, 0, 0, 0.003
Calda1, 0, 0, 0.003, 0.004, 0, 0, 0, 0, 0.003
Calda2, 0, 0, 0.003, 0.003, 0, 0, 0, 0, 0.003
Caldit1, 0, 0, 0.006, 0.007, 0, 0, 0, 0, 0.005
Caldit2, 0, 0, 0.001, 0, 0, 0, 0, 0, 0
Camp1, 0, 0, 0.006, 0.008, 0, 0, 0, 0, 0.006
Camp10, 0, 0, 0.003, 0.004, 0, 0, 0, 0, 0.003
Camp11, 0, 0, 0.002, 0.001, 0, 0, 0, 0, 0.001
Camp14, 0, 0, 0.001, 0.001, 0, 0, 0, 0, 0.001
Camp15, 0, 0, 0.001, 0.001, 0, 0, 0, 0, 0.001
Camp16, 0, 0, 0.002, 0.002, 0, 0, 0, 0, 0
Camp2, 0, 0, 0.002, 0.002, 0, 0, 0, 0, 0.002
Camp3, 0, 0, 0.001, 0.003, 0, 0, 0, 0, 0.001
Camp4, 0, 0, 0.006, 0.006, 0, 0, 0, 0, 0.004
Camp5, 0, 0, 0.001, 0.001, 0, 0, 0, 0, 0.001
Camp6, 0, 0, 0.003, 0.003, 0, 0, 0, 0, 0.002
Camp7, 0, 0, 0.001, 0.001, 0, 0, 0, 0, 0.001
Camp9, 0, 0, 0.001, 0, 0, 0, 0, 0, 0
Chlo10, 0, 0, 0.003, 0.002, 0, 0, 0, 0, 0.002
Chlo11, 0, 0, 0.004, 0.003, 0, 0, 0, 0, 0.003
Chlo12, 0, 0, 0.005, 0.006, 0, 0, 0, 0, 0.005
Chlo13, 0, 0, 0.002, 0.002, 0, 0, 0, 0, 0.002
Chlo14, 0, 0, 0.004, 0.002, 0, 0, 0, 0, 0.001
Chlo15, 0, 0, 0.002, 0.003, 0, 0, 0, 0, 0.001
Chlo16, 0, 0, 0.003, 0.001, 0, 0, 0, 0, 0.001
Chlo17, 0, 0, 0.002, 0.001, 0, 0, 0, 0, 0.001
Chlo18, 0, 0, 0.003, 0.002, 0, 0, 0, 0, 0.001
Chlo19, 0, 0, 0.003, 0.003, 0, 0, 0, 0, 0.003
Chlo20, 0, 0, 0.003, 0.005, 0, 0, 0, 0, 0.003
Chlo21, 0, 0, 0.002, 0.003, 0, 0, 0, 0, 0.002
Chlo22, 0, 0, 0.005, 0.006, 0, 0, 0, 0, 0.004
Chlo23, 0, 0, 0.005, 0.005, 0, 0, 0, 0, 0.004
Chlo24, 0, 0, 0.002, 0.002, 0, 0, 0, 0, 0.002
Chlo25, 0, 0, 0.001, 0.002, 0, 0, 0, 0, 0.001
Chlo26, 0, 0, 0.003, 0.004, 0, 0, 0, 0, 0.002
Chlo27, 0, 0, 0.006, 0.007, 0, 0, 0, 0, 0.004
Chlo29, 0, 0, 0.003, 0.003, 0, 0, 0, 0, 0.003
Chlo30, 0, 0, 0.002, 0.002, 0, 0, 0, 0, 0.002
Chlo31, 0, 0, 0.001, 0.002, 0, 0, 0, 0, 0.001
Chlo32, 0, 0, 0.002, 0.003, 0, 0, 0, 0, 0.002
Chlo33, 0, 0, 0.004, 0.004, 0, 0, 0, 0, 0.004
Chlo34, 0, 0, 0.004, 0.004, 0, 0, 0, 0, 0.004
Chlo35, 0, 0, 0.001, 0.001, 0, 0, 0, 0, 0.001
Chlo36, 0, 0, 0.001, 0.001, 0, 0, 0, 0, 0.001
Chlo37, 0, 0, 0.001, 0.001, 0, 0, 0, 0, 0.001
Chlo38, 0, 0, 0.001, 0.001, 0, 0, 0, 0, 0.001
Chlo39, 0, 0, 0.001, 0.001, 0, 0, 0, 0, 0.001
Chlo4, 0, 0, 0.004, 0.003, 0, 0, 0, 0, 0.003
Chlo40, 0, 0, 0.002, 0.003, 0, 0, 0, 0, 0.002
Chlo42, 0, 0, 0.002, 0.003, 0, 0, 0, 0, 0.002
Chlo43, 0, 0, 0.001, 0.001, 0, 0, 0, 0, 0
Chlo44, 0, 0, 0.002, 0.002, 0, 0, 0, 0, 0.001
Chlo45, 0, 0, 0.001, 0.001, 0, 0, 0, 0, 0
Chlo46, 0, 0, 0.001, 0.001, 0, 0, 0, 0, 0
Chlo47, 0, 0, 0.001, 0.001, 0, 0, 0, 0, 0.001
Chlo48, 0, 0, 0.001, 0.001, 0, 0, 0, 0, 0
Chlo5, 0, 0, 0.002, 0.002, 0, 0, 0, 0, 0
Chlo6, 0, 0, 0.004, 0.003, 0, 0, 0, 0, 0.002
Chlo7, 0, 0, 0.004, 0.003, 0, 0, 0, 0, 0.003
Chlo8, 0, 0, 0.001, 0.001, 0, 0, 0, 0, 0.001
Chry1, 0, 0, 0.004, 0.005, 0, 0, 0, 0, 0.003
Cloa1, 0, 0, 0.001, 0.001, 0, 0, 0, 0, 0.001
Cyan1, 0, 0, 0.004, 0.006, 0, 0, 0, 0, 0.004
Cyan10, 0, 0, 0.001, 0.002, 0, 0, 0, 0, 0.001
Cyan11, 0, 0, 0.002, 0.003, 0, 0, 0, 0, 0
Cyan12, 0, 0, 0.001, 0.001, 0, 0, 0, 0, 0.001
Cyan14, 0, 0, 0.001, 0.002, 0, 0, 0, 0, 0.001
Cyan18, 0, 0, 0.002, 0.002, 0, 0, 0, 0, 0.002
Cyan19, 0, 0, 0.007, 0.007, 0, 0, 0, 0, 0.003
Cyan2, 0, 0, 0.003, 0.005, 0, 0, 0, 0, 0.003
Cyan20, 0, 0, 0.004, 0.005, 0, 0, 0, 0, 0.004
Cyan22, 0, 0, 0.002, 0.002, 0, 0, 0, 0, 0
Cyan23, 0, 0, 0.002, 0.001, 0, 0, 0, 0, 0.001
Cyan24, 0, 0, 0.001, 0.001, 0, 0, 0, 0, 0.001
Cyan25, 0, 0, 0.002, 0.003, 0, 0, 0, 0, 0.001
Cyan26, 0, 0, 0.006, 0.005, 0, 0, 0, 0, 0.004
Cyan27, 0, 0, 0.005, 0.007, 0, 0, 0, 0, 0.003
Cyan28, 0, 0, 0.001, 0.001, 0, 0, 0, 0, 0.001
Cyan3, 0, 0, 0.002, 0.002, 0, 0, 0, 0, 0.002
Cyan30, 0, 0, 0.003, 0.004, 0, 0, 0, 0, 0.003
Cyan34, 0, 0, 0.001, 0.001, 0, 0, 0, 0, 0.001
Cyan35, 0, 0, 0.001, 0.001, 0, 0, 0, 0, 0.001
Cyan36, 0, 0, 0.006, 0.007, 0, 0, 0, 0, 0.005
Cyan38, 0, 0, 0.001, 0.001, 0, 0, 0, 0, 0.001
Cyan4, 0, 0, 0.002, 0.002, 0, 0, 0, 0, 0.002
Cyan40, 0, 0, 0.003, 0.001, 0, 0, 0, 0, 0.001
Cyan41, 0, 0, 0.001, 0.001, 0, 0, 0, 0, 0.001
Cyan42, 0, 0, 0.002, 0.002, 0, 0, 0, 0, 0.002
Cyan43, 0, 0, 0.002, 0.004, 0, 0, 0, 0, 0.002
Cyan44, 0, 0, 0.002, 0.001, 0, 0, 0, 0, 0.001
Cyan45, 0, 0, 0.001, 0.001, 0, 0, 0, 0, 0.001
Cyan47, 0, 0, 0.001, 0.002, 0, 0, 0, 0, 0
Cyan7, 0, 0, 0.003, 0.003, 0, 0, 0, 0, 0.002
Cyan8, 0, 0, 0.005, 0.005, 0, 0, 0, 0, 0.005
Cyan9, 0, 0, 0.002, 0.003, 0, 0, 0, 0, 0.002
DTU0X1, 0, 0, 0.006, 0.006, 0, 0, 0, 0, 0.006
Defe1, 0, 0, 0.001, 0.001, 0, 0, 0, 0, 0.001
Defe2, 0, 0, 0.002, 0.002, 0, 0, 0, 0, 0.002
Defe3, 0, 0, 0.002, 0.003, 0, 0, 0, 0, 0.002
Dein1, 0, 0, 0.002, 0.002, 0, 0, 0, 0, 0.001
Dein2, 0, 0, 0.001, 0.001, 0, 0, 0, 0, 0.001
Dein3, 0, 0, 0.003, 0.003, 0, 0, 0, 0, 0.002
Dein4, 0, 0, 0.003, 0.005, 0, 0, 0, 0, 0.001
Dein5, 0, 0, 0.001, 0, 0, 0, 0, 0, 0
Dein6, 0, 0, 0.003, 0.001, 0, 0, 0, 0, 0.001
Dein7, 0, 0, 0.003, 0.003, 0, 0, 0, 0, 0.002
Desa1, 0, 0, 0.004, 0.004, 0, 0.001, 0, 0, 0.002
DesuB1, 0, 0, 0.002, 0, 0, 0, 0, 0, 0
DesuB2, 0, 0, 0.004, 0.005, 0, 0, 0, 0, 0.002
DesuB3, 0, 0, 0.003, 0.003, 0, 0, 0, 0, 0.002
DesuB4, 0, 0, 0.002, 0.002, 0, 0, 0, 0, 0.001
DesuC2, 0, 0, 0.001, 0.002, 0, 0, 0, 0, 0.001
Desua1, 0, 0, 0.001, 0.003, 0, 0, 0, 0, 0.001
Desua10, 0, 0, 0.002, 0.002, 0, 0, 0, 0, 0.001
Desua11, 0, 0, 0.002, 0.002, 0, 0, 0, 0, 0.002
Desua12, 0, 0, 0.006, 0.007, 0, 0, 0, 0, 0.006
Desua13, 0, 0, 0.004, 0.005, 0, 0, 0, 0, 0.003
Desua14, 0, 0, 0.001, 0, 0, 0, 0, 0, 0
Desua17, 0, 0, 0.001, 0.001, 0, 0, 0, 0, 0.001
Desua18, 0, 0, 0.002, 0.002, 0, 0, 0, 0, 0
Desua19, 0, 0, 0.006, 0.006, 0, 0, 0, 0, 0.005
Desua2, 0, 0, 0.002, 0.002, 0, 0, 0, 0, 0.002
Desua20, 0, 0, 0.005, 0.005, 0, 0, 0, 0, 0.005
Desua21, 0, 0, 0.001, 0, 0, 0, 0, 0, 0
Desua22, 0, 0, 0.001, 0.001, 0, 0, 0, 0, 0
Desua23, 0, 0, 0.001, 0, 0, 0, 0, 0, 0
Desua24, 0, 0, 0.001, 0.001, 0, 0, 0, 0, 0.001
Desua25, 0, 0, 0.001, 0.001, 0, 0, 0, 0, 0.001
Desua26, 0, 0, 0.003, 0.003, 0, 0, 0, 0, 0.003
Desua27, 0, 0, 0.003, 0.003, 0, 0, 0, 0, 0.003
Desua28, 0, 0, 0.003, 0.004, 0, 0, 0, 0, 0.003
Desua29, 0, 0, 0.003, 0.003, 0, 0, 0, 0, 0.002
Desua3, 0, 0, 0.004, 0.004, 0, 0, 0, 0, 0.004
Desua30, 0, 0, 0.003, 0.004, 0, 0, 0, 0, 0.003
Desua31, 0, 0, 0.001, 0.001, 0, 0, 0, 0, 0.001
Desua32, 0, 0, 0.001, 0.001, 0, 0, 0, 0, 0.001
Desua33, 0, 0, 0.002, 0.002, 0, 0, 0, 0, 0.002
Desua34, 0, 0, 0.001, 0.001, 0, 0, 0, 0, 0.001
Desua35, 0, 0, 0.002, 0.002, 0, 0, 0, 0, 0.002
Desua36, 0, 0, 0.003, 0.004, 0, 0, 0, 0, 0.002
Desua37, 0, 0, 0.001, 0, 0, 0, 0, 0, 0
Desua38, 0, 0, 0.001, 0, 0, 0, 0, 0, 0
Desua39, 0, 0, 0.002, 0.003, 0, 0, 0, 0, 0.002
Desua4, 0, 0, 0.003, 0.003, 0, 0, 0, 0, 0.003
Desua40, 0, 0, 0.002, 0.003, 0, 0, 0, 0, 0.002
Desua41, 0, 0, 0.002, 0.002, 0, 0, 0, 0, 0.001
Desua42, 0, 0, 0.001, 0.001, 0, 0, 0, 0, 0.001
Desua45, 0, 0, 0.001, 0.001, 0, 0, 0, 0, 0.001
Desua47, 0, 0, 0.003, 0.003, 0, 0, 0, 0, 0.002
Desua48, 0, 0, 0.001, 0.001, 0, 0, 0, 0, 0.001
Desua49, 0, 0, 0.001, 0.001, 0, 0, 0, 0, 0
Desua5, 0, 0, 0.004, 0.003, 0, 0, 0, 0, 0.003
Desua50, 0, 0, 0.004, 0.003, 0, 0, 0, 0, 0.003
Desua51, 0, 0, 0.002, 0.001, 0, 0, 0, 0, 0.001
Desua53, 0, 0, 0.001, 0.002, 0, 0, 0, 0, 0
Desua54, 0, 0, 0.001, 0, 0, 0, 0, 0, 0
Desua7, 0, 0, 0.001, 0.001, 0, 0, 0, 0, 0.001
Desua8, 0, 0, 0.002, 0.004, 0, 0, 0, 0, 0.002
Desua9, 0, 0, 0.001, 0.001, 0, 0, 0, 0, 0.001
Dict1, 0, 0, 0.002, 0.002, 0, 0, 0, 0, 0.002
Dorm1, 0, 0, 0.001, 0.001, 0, 0, 0, 0, 0.001
Dorm3, 0, 0, 0.001, 0.001, 0, 0, 0, 0, 0.001
Dorm4, 0, 0, 0.002, 0.003, 0, 0, 0, 0, 0
Dorm5, 0, 0, 0.002, 0.001, 0, 0, 0, 0, 0.001
Edwa1, 0, 0, 0.003, 0.003, 0, 0, 0, 0, 0.003
Eise2, 0, 0, 0.002, 0.003, 0, 0, 0, 0, 0.002
Elus1, 0, 0, 0.006, 0.006, 0, 0, 0, 0, 0.006
Elus10, 0, 0, 0.001, 0.001, 0, 0, 0, 0, 0.001
Elus2, 0, 0, 0.001, 0.002, 0, 0, 0, 0, 0.001
Elus3, 0, 0, 0.004, 0.003, 0, 0, 0, 0, 0.003
Elus4, 0, 0, 0.001, 0.001, 0, 0, 0, 0, 0.001
Elus5, 0, 0, 0.001, 0.001, 0, 0, 0, 0, 0.001
Elus6, 0, 0, 0.006, 0.006, 0, 0, 0, 0, 0.005
Elus7, 0, 0, 0.002, 0.003, 0, 0, 0, 0, 0.001
Elus8, 0, 0, 0.002, 0.002, 0, 0, 0, 0, 0.001
Elus9, 0, 0, 0.001, 0.001, 0, 0, 0, 0, 0.001
Erem2, 0, 0, 0.005, 0.007, 0, 0, 0, 0, 0.005
Erem3, 0, 0, 0.001, 0.001, 0, 0, 0, 0, 0.001
Erem4, 0, 0, 0.001, 0.001, 0, 0, 0, 0, 0.001
Erem6, 0, 0, 0.001, 0.001, 0, 0, 0, 0, 0.001
FCPU2, 0, 0, 0.002, 0.002, 0, 0, 0, 0, 0.002
Ferm1, 0, 0, 0.005, 0.006, 0, 0, 0, 0, 0.005
Fibr2, 0, 0, 0.002, 0.002, 0, 0, 0, 0, 0.002
Fibr3, 0, 0, 0.001, 0.001, 0, 0, 0, 0, 0.001
Fibr4, 0, 0, 0.003, 0.004, 0, 0, 0, 0, 0.003
Fibr5, 0, 0, 0.003, 0.003, 0, 0, 0, 0, 0.003
Fibr6, 0, 0, 0.001, 0.001, 0, 0, 0, 0, 0.001
Fire1, 0, 0, 0.003, 0.003, 0, 0, 0, 0, 0.003
FirmA1, 0, 0, 0.002, 0.002, 0, 0, 0, 0, 0.002
FirmA10, 0, 0, 0.001, 0.001, 0, 0, 0, 0, 0
FirmA101, 0, 0, 0.002, 0.003, 0, 0, 0, 0, 0.001
FirmA102, 0, 0, 0.002, 0.001, 0, 0, 0, 0, 0.001
FirmA103, 0, 0, 0.001, 0.002, 0, 0, 0, 0, 0
FirmA104, 0, 0, 0.001, 0.001, 0, 0, 0, 0, 0.001
FirmA105, 0, 0, 0.001, 0.001, 0, 0, 0, 0, 0.001
FirmA106, 0, 0, 0.001, 0.001, 0, 0, 0, 0, 0.001
FirmA107, 0, 0, 0.001, 0, 0, 0, 0, 0, 0
FirmA108, 0, 0, 0.002, 0.002, 0, 0, 0, 0, 0.002
FirmA109, 0, 0, 0.001, 0.001, 0, 0, 0, 0, 0.001
FirmA11, 0, 0, 0.002, 0.002, 0, 0, 0, 0, 0.002
FirmA111, 0, 0, 0.001, 0.001, 0, 0, 0, 0, 0.001
FirmA112, 0, 0, 0.001, 0.001, 0, 0, 0, 0, 0.001
FirmA114, 0, 0, 0.004, 0.003, 0, 0, 0, 0, 0.002
FirmA12, 0, 0, 0.002, 0.001, 0, 0, 0, 0, 0.001
FirmA14, 0, 0, 0.001, 0.001, 0, 0, 0, 0, 0.001
FirmA16, 0, 0, 0.006, 0.007, 0, 0, 0, 0, 0.006
FirmA18, 0, 0, 0.003, 0.003, 0, 0, 0, 0, 0.002
FirmA19, 0, 0, 0.002, 0.002, 0, 0, 0, 0, 0.002
FirmA2, 0, 0, 0.002, 0.002, 0, 0, 0, 0, 0.002
FirmA20, 0, 0, 0.003, 0.004, 0, 0, 0, 0, 0.003
FirmA21, 0, 0, 0.002, 0.003, 0, 0, 0, 0, 0.001
FirmA26, 0, 0, 0.001, 0.001, 0, 0, 0, 0, 0.001
FirmA28, 0, 0, 0.002, 0.002, 0, 0, 0, 0, 0.002
FirmA29, 0, 0, 0.003, 0.005, 0, 0, 0, 0, 0.003
FirmA30, 0, 0, 0.001, 0.001, 0, 0, 0, 0, 0.001
FirmA31, 0, 0, 0.004, 0.004, 0, 0, 0, 0, 0.004
FirmA33, 0, 0, 0.001, 0.003, 0, 0, 0, 0, 0.001
FirmA34, 0, 0, 0.001, 0.001, 0, 0, 0, 0, 0
FirmA35, 0, 0, 0.002, 0.002, 0, 0, 0, 0, 0
FirmA36, 0, 0, 0.004, 0.006, 0, 0, 0, 0, 0.002
FirmA38, 0, 0, 0.001, 0.001, 0, 0, 0, 0, 0.001
FirmA39, 0, 0, 0.006, 0.007, 0, 0, 0, 0, 0.003
FirmA40, 0, 0, 0.002, 0.002, 0, 0, 0, 0, 0.002
FirmA42, 0, 0, 0.002, 0.002, 0, 0, 0, 0, 0.002
FirmA43, 0, 0, 0.004, 0.003, 0, 0, 0, 0, 0.001
FirmA44, 0, 0, 0.003, 0.004, 0, 0, 0, 0, 0.002
FirmA45, 0, 0, 0.002, 0.002, 0, 0, 0, 0, 0.002
FirmA46, 0, 0, 0.002, 0.001, 0, 0, 0, 0, 0.001
FirmA47, 0, 0, 0.003, 0.004, 0, 0, 0, 0, 0.002
FirmA49, 0, 0, 0.007, 0.007, 0, 0, 0, 0, 0.006
FirmA5, 0, 0, 0.002, 0.002, 0, 0, 0, 0, 0.002
FirmA50, 0, 0, 0.001, 0.002, 0, 0, 0, 0, 0.001
FirmA51, 0, 0, 0.004, 0.005, 0, 0, 0, 0, 0.004
FirmA52, 0, 0, 0.003, 0.003, 0, 0, 0, 0, 0.002
FirmA53, 0, 0, 0.002, 0, 0, 0, 0, 0, 0
FirmA54, 0, 0, 0.002, 0.002, 0, 0, 0, 0, 0.002
FirmA55, 0, 0, 0.002, 0.002, 0, 0, 0, 0, 0.002
FirmA56, 0, 0, 0.003, 0.005, 0, 0, 0, 0, 0.003
FirmA57, 0, 0, 0.005, 0.007, 0, 0, 0, 0, 0.005
FirmA58, 0, 0, 0.003, 0.002, 0, 0, 0, 0, 0.002
FirmA59, 0, 0, 0.002, 0.002, 0, 0, 0, 0, 0.002
FirmA60, 0, 0, 0.001, 0.001, 0, 0, 0, 0, 0.001
FirmA61, 0, 0, 0.003, 0.003, 0, 0, 0, 0, 0.002
FirmA62, 0, 0, 0.001, 0.001, 0, 0, 0, 0, 0.001
FirmA63, 0, 0, 0.001, 0.001, 0, 0, 0, 0, 0.001
FirmA64, 0, 0, 0.003, 0.004, 0, 0, 0, 0, 0.003
FirmA66, 0, 0, 0.002, 0.001, 0, 0, 0, 0, 0.001
FirmA67, 0, 0, 0.004, 0.003, 0, 0, 0, 0, 0.002
FirmA68, 0, 0, 0.002, 0.003, 0, 0, 0, 0, 0.002
FirmA69, 0, 0, 0.001, 0.001, 0, 0, 0, 0, 0.001
FirmA7, 0, 0, 0.002, 0.003, 0, 0, 0, 0, 0.002
FirmA70, 0, 0, 0.001, 0.001, 0, 0, 0, 0, 0.001
FirmA71, 0, 0, 0.002, 0.002, 0, 0, 0, 0, 0.002
FirmA73, 0, 0, 0.001, 0.002, 0, 0, 0, 0, 0.001
FirmA74, 0, 0, 0.003, 0.003, 0, 0, 0, 0, 0.003
FirmA75, 0, 0, 0.002, 0.003, 0, 0, 0, 0, 0.001
FirmA76, 0, 0, 0.004, 0.005, 0, 0, 0, 0, 0.003
FirmA77, 0, 0, 0.001, 0.001, 0, 0, 0, 0, 0.001
FirmA78, 0, 0, 0.001, 0.004, 0, 0, 0, 0, 0.001
FirmA79, 0, 0, 0.002, 0.002, 0, 0, 0, 0, 0
FirmA8, 0, 0, 0.003, 0.003, 0, 0, 0, 0, 0.003
FirmA80, 0, 0, 0.004, 0.004, 0, 0, 0, 0, 0.003
FirmA83, 0, 0, 0.004, 0.005, 0, 0, 0, 0, 0.003
FirmA84, 0, 0, 0.003, 0.006, 0, 0, 0, 0, 0.001
FirmA85, 0, 0, 0.002, 0.002, 0, 0, 0, 0, 0.002
FirmA86, 0, 0, 0.003, 0.003, 0, 0, 0, 0, 0.002
FirmA88, 0, 0, 0.002, 0.002, 0, 0, 0, 0, 0.001
FirmA89, 0, 0, 0.002, 0.002, 0, 0, 0, 0, 0.002
FirmA9, 0, 0, 0.002, 0, 0, 0, 0, 0, 0
FirmA90, 0, 0, 0.001, 0.001, 0, 0, 0, 0, 0.001
FirmA91, 0, 0, 0.002, 0.001, 0, 0, 0, 0, 0.001
FirmA92, 0, 0, 0.002, 0.002, 0, 0, 0, 0, 0.002
FirmA93, 0, 0, 0.005, 0.005, 0, 0, 0, 0, 0.004
FirmA94, 0, 0, 0.001, 0, 0, 0, 0, 0, 0
FirmA95, 0, 0, 0.002, 0.003, 0, 0, 0, 0, 0.002
FirmA96, 0, 0, 0.002, 0.002, 0, 0, 0, 0, 0.001
FirmA97, 0, 0, 0.002, 0.002, 0, 0, 0, 0, 0.002
FirmA98, 0, 0, 0.004, 0.003, 0, 0, 0, 0, 0.002
FirmA99, 0, 0, 0.002, 0.005, 0, 0, 0, 0, 0.002
FirmB1, 0, 0, 0.001, 0.001, 0, 0, 0, 0, 0.001
FirmB11, 0, 0, 0.002, 0.003, 0, 0, 0, 0, 0.001
FirmB12, 0, 0, 0.003, 0.002, 0, 0, 0, 0, 0.001
FirmB13, 0, 0, 0.002, 0.005, 0, 0, 0, 0, 0.001
FirmB14, 0, 0, 0.001, 0.001, 0, 0, 0, 0, 0.001
FirmB15, 0, 0, 0.002, 0.002, 0, 0, 0, 0, 0.002
FirmB16, 0, 0, 0.002, 0.002, 0, 0, 0, 0, 0.001
FirmB17, 0, 0, 0.001, 0.002, 0, 0, 0, 0, 0.001
FirmB2, 0, 0, 0.002, 0.002, 0, 0, 0, 0, 0.001
FirmB3, 0, 0, 0.002, 0.003, 0, 0, 0, 0, 0.002
FirmB5, 0, 0, 0.001, 0.001, 0, 0, 0, 0, 0.001
FirmB6, 0, 0, 0.001, 0.001, 0, 0, 0, 0, 0.001
FirmB7, 0, 0, 0.003, 0.004, 0, 0, 0, 0, 0.003
FirmB8, 0, 0, 0.002, 0.002, 0, 0, 0, 0, 0.002
FirmC10, 0, 0, 0.001, 0.001, 0, 0, 0, 0, 0.001
FirmC11, 0, 0, 0.003, 0.001, 0, 0, 0, 0, 0.001
FirmC12, 0, 0, 0.002, 0.002, 0, 0, 0, 0, 0.002
FirmC13, 0, 0, 0.001, 0.002, 0, 0, 0, 0, 0.001
FirmC14, 0, 0, 0.003, 0.004, 0, 0, 0, 0, 0.003
FirmC16, 0, 0, 0.003, 0.004, 0, 0, 0, 0, 0.003
FirmC17, 0, 0, 0.001, 0.001, 0, 0, 0, 0, 0.001
FirmC18, 0, 0, 0.001, 0.001, 0, 0, 0, 0, 0.001
FirmC19, 0, 0, 0.001, 0.001, 0, 0, 0, 0, 0.001
FirmC3, 0, 0, 0.003, 0.003, 0, 0, 0, 0, 0.001
FirmC4, 0, 0, 0.001, 0.001, 0, 0, 0, 0, 0.001
FirmC5, 0, 0, 0.005, 0.005, 0, 0, 0, 0, 0.005
FirmC6, 0, 0, 0.002, 0.003, 0, 0, 0, 0, 0.002
FirmC7, 0, 0, 0.003, 0.001, 0, 0, 0, 0, 0.001
FirmC8, 0, 0, 0.002, 0.002, 0, 0, 0, 0, 0.001
FirmC9, 0, 0, 0.004, 0.004, 0, 0, 0, 0, 0.003
FirmD1, 0, 0, 0.002, 0.005, 0, 0, 0, 0, 0.002
FirmD2, 0, 0, 0.003, 0.004, 0, 0, 0, 0, 0.002
FirmD3, 0, 0, 0.005, 0.007, 0, 0, 0, 0, 0.004
FirmD4, 0, 0, 0.003, 0.003, 0, 0, 0, 0, 0.003
FirmE1, 0, 0, 0.003, 0.003, 0, 0, 0, 0, 0.003
FirmE3, 0, 0, 0.002, 0.002, 0, 0, 0, 0, 0.002
FirmE4, 0, 0, 0.001, 0.003, 0, 0, 0, 0, 0
FirmE6, 0, 0, 0.002, 0.001, 0, 0, 0, 0, 0.001
FirmE7, 0, 0, 0.003, 0.002, 0, 0, 0, 0, 0.002
FirmE8, 0, 0, 0.002, 0.002, 0, 0, 0, 0, 0.001
FirmF1, 0, 0, 0.004, 0.005, 0, 0, 0, 0, 0.004
FirmG2, 0, 0, 0.005, 0.006, 0, 0, 0, 0, 0.005
FirmG3, 0, 0, 0.002, 0.002, 0, 0, 0, 0, 0.002
FirmG4, 0, 0, 0.004, 0.005, 0, 0, 0, 0, 0.004
FirmG5, 0, 0, 0.008, 0.01, 0, 0, 0, 0, 0.008
FirmG6, 0, 0, 0.002, 0.003, 0, 0, 0, 0, 0.002
Firms1, 0, 0, 0.002, 0.001, 0, 0, 0, 0, 0
Firms10, 0, 0, 0.002, 0.002, 0, 0, 0, 0, 0
Firms11, 0, 0, 0.265, 0.103, 0, 0, 0, 0, 0
Firms12, 0, 0, 0.003, 0.005, 0, 0, 0, 0, 0.002
Firms13, 0, 0, 0.005, 0.004, 0, 0, 0, 0, 0.001
Firms15, 0, 0, 0.002, 0.002, 0, 0, 0, 0, 0.002
Firms16, 0, 0, 0.002, 0.001, 0, 0, 0, 0, 0.001
Firms17, 1, 0, 0.002, 0.446, 1, 0, 1, 0.264, 0.737
Firms18, 0, 0, 0.001, 0.001, 0, 0, 0, 0, 0.001
Firms2, 0, 0, 0.002, 0.002, 0, 0, 0, 0, 0.002
Firms20, 0, 0, 0.001, 0.001, 0, 0, 0, 0, 0
Firms21, 0, 0, 0.003, 0.002, 0, 0, 0, 0, 0.002
Firms22, 0, 0, 0.003, 0.001, 0, 0, 0, 0, 0
Firms24, 0, 0, 0.002, 0.002, 0, 0, 0, 0, 0
Firms25, 0, 0, 0.002, 0.002, 0, 0, 0, 0, 0.001
Firms26, 0, 0, 0.003, 0.002, 0, 0, 0, 0, 0.001
Firms27, 0, 0, 0.006, 0.009, 0, 0, 0, 0, 0.003
Firms28, 0, 0, 0.002, 0.004, 0, 0, 0, 0, 0.001
Firms29, 0, 0, 0.001, 0, 0, 0, 0, 0, 0
Firms3, 0, 0, 0.006, 0.004, 0, 0, 0, 0, 0.002
Firms30, 0, 0, 0.001, 0.001, 0, 0, 0, 0, 0.001
Firms31, 0, 0, 0.002, 0.002, 0, 0, 0, 0, 0.002
Firms32, 0, 0, 0.004, 0.004, 0, 0, 0, 0, 0.003
Firms33, 0, 0, 0.001, 0.001, 0, 0, 0, 0, 0.001
Firms4, 1, 0, 0, 0.434, 1, 0, 1, 0.091, 0.909
Firms5, 0, 0, 0.005, 0.005, 0, 0, 0, 0, 0.005
Firms6, 0, 0, 0.007, 0.006, 0, 0, 0, 0, 0.004
Firms7, 0, 0, 0.003, 0.003, 0, 0, 0, 0, 0.001
Firms8, 0, 0, 0.011, 0.008, 0, 0, 0, 0, 0
Firms9, 0, 0, 0.003, 0.002, 0, 0, 0, 0, 0.001
Fuso2, 0, 0, 0.006, 0.009, 0, 0, 0, 0, 0.006
Gemm2, 0, 0, 0.001, 0.001, 0, 0, 0, 0, 0.001
Gemm5, 0, 0, 0.003, 0.003, 0, 0, 0, 0, 0.003
Gemm7, 0, 0, 0.002, 0.002, 0, 0, 0, 0, 0.002
Gemm8, 0, 0, 0.002, 0.002, 0, 0, 0, 0, 0.002
Gemm9, 0, 0, 0.002, 0, 0, 0, 0, 0, 0
GemmA1, 0, 0, 0.001, 0.001, 0, 0, 0, 0, 0.001
Gold1, 0, 0, 0.001, 0.001, 0, 0, 0, 0, 0.001
Gold2, 0, 0, 0.002, 0.002, 0, 0, 0, 0, 0.002
Hydr1, 0, 0, 0.001, 0.001, 0, 0, 0, 0, 0
Hydr2, 0, 0, 0.003, 0.004, 0, 0, 0, 0, 0.002
J088X1, 0, 0, 0.007, 0.007, 0, 0, 0, 0, 0.005
KSB1X2, 0, 0, 0.005, 0.004, 0, 0, 0, 0, 0.004
KSB1X4, 0, 0, 0.002, 0.005, 0, 0, 0, 0, 0.001
Krum1, 0, 0, 0.002, 0.004, 0, 0, 0, 0, 0.002
Late1, 0, 0, 0.003, 0.004, 0, 0, 0, 0, 0.003
Late2, 0, 0, 0.002, 0.002, 0, 0, 0, 0, 0.002
Late3, 0, 0, 0.001, 0.001, 0, 0, 0, 0, 0.001
Lind1, 0, 0, 0.003, 0.004, 0, 0, 0, 0, 0.003
Lind2, 0, 0, 0.002, 0.002, 0, 0, 0, 0, 0.002
Lind4, 0, 0, 0.002, 0.002, 0, 0, 0, 0, 0.002
Marg2, 0, 0, 0.002, 0.004, 0, 0, 0, 0, 0.002
Marg6, 0, 0, 0.003, 0.003, 0, 0, 0, 0, 0.003
Marg7, 0, 0, 0.006, 0.009, 0, 0, 0, 0, 0.006
Mari1, 0, 0, 0.002, 0.002, 0, 0, 0, 0, 0.002
Mari2, 0, 0, 0.004, 0.004, 0, 0, 0, 0, 0.003
Mari3, 0, 0, 0.001, 0.001, 0, 0, 0, 0, 0
Mari5, 0, 0, 0.001, 0.001, 0, 0, 0, 0, 0.001
Mari6, 0, 0, 0.001, 0.001, 0, 0, 0, 0, 0.001
Meth1, 0, 0, 0.001, 0.002, 0, 0, 0, 0, 0
Meth2, 0, 0, 0.002, 0.001, 0, 0, 0, 0, 0.001
Meth3, 0, 0, 0.002, 0.002, 0, 0, 0, 0, 0
Meth4, 0, 0, 0.002, 0.001, 0, 0, 0, 0, 0
Meth5, 0, 0, 0.005, 0.005, 0, 0, 0, 0, 0.003
MyxA1, 0, 0, 0.001, 0.001, 0, 0, 0, 0, 0.001
MyxA2, 0, 0, 0.002, 0.002, 0, 0, 0, 0, 0.002
MyxA3, 0, 0, 0.002, 0.002, 0, 0, 0, 0, 0.002
MyxA4, 0, 0, 0.002, 0.003, 0, 0, 0, 0, 0.001
Myxo1, 0, 0, 0.002, 0.001, 0, 0, 0, 0, 0.001
Myxo10, 0, 0, 0.071, 0.01, 0, 0, 0, 0, 0.001
Myxo11, 0, 0, 0.001, 0.002, 0, 0, 0, 0, 0
Myxo13, 0, 0, 0.002, 0.001, 0, 0, 0, 0, 0.001
Myxo14, 0, 0, 0.001, 0.001, 0, 0, 0, 0, 0
Myxo15, 0, 0, 0.232, 0.066, 0, 0, 0, 0, 0.003
Myxo17, 0, 0, 0.003, 0.002, 0, 0, 0, 0, 0
Myxo18, 1, 0, 0, 0.315, 1, 0, 1, 0.229, 0.771
Myxo19, 0, 0, 0.007, 0.006, 0, 0, 0, 0, 0.004
Myxo2, 0, 0, 0.007, 0.007, 0, 0, 0, 0, 0.006
Myxo3, 0, 0, 0.001, 0.001, 0, 0, 0, 0, 0.001
Myxo5, 0, 0, 0.003, 0.003, 0, 0, 0, 0, 0.003
Myxo6, 0, 0, 0.005, 0.005, 0, 0, 0, 0, 0.004
Myxo7, 0, 0, 0.001, 0.001, 0, 0, 0, 0, 0.001
Myxo9, 0, 0, 0.004, 0.007, 0, 0, 0, 0, 0.004
NPL1, 0, 0, 0.002, 0.002, 0, 0, 0, 0, 0.002
Nitr1, 0, 0, 0.004, 0.005, 0, 0, 0, 0, 0.004
Nitr10, 0, 0, 0.002, 0.002, 0, 0, 0, 0, 0.001
Nitr11, 0, 0, 0.002, 0.001, 0, 0, 0, 0, 0.001
Nitr12, 0, 0, 0.003, 0.003, 0, 0, 0, 0, 0.003
Nitr13, 0, 0, 0.002, 0.002, 0, 0, 0, 0, 0.002
Nitr15, 0, 0, 0.002, 0.002, 0, 0, 0, 0, 0.002
Nitr16, 0, 0, 0.003, 0.003, 0, 0, 0, 0, 0.002
Nitr17, 0, 0, 0.001, 0, 0, 0, 0, 0, 0
Nitr3, 0, 0, 0.001, 0.002, 0, 0, 0, 0, 0.001
Nitr4, 0, 0, 0.003, 0.003, 0, 0, 0, 0, 0.002
Nitr5, 0, 0, 0.005, 0.005, 0, 0, 0, 0, 0.004
Nitr6, 0, 0, 0.001, 0.001, 0, 0, 0, 0, 0
Nitr7, 0, 0, 0.001, 0.001, 0, 0, 0, 0, 0.001
Nitr8, 0, 0, 0.002, 0.002, 0, 0, 0, 0, 0.002
Nits1, 0, 0, 0.003, 0.004, 0, 0, 0, 0, 0.002
Nits3, 0, 0, 0.001, 0.001, 0, 0, 0, 0, 0
Nits4, 0, 0, 0.003, 0.003, 0, 0, 0, 0, 0.003
NitsA1, 0, 0, 0.002, 0.003, 0, 0, 0, 0, 0.001
NitsA2, 0, 0, 0.004, 0.005, 0, 0, 0, 0, 0.003
NitsA3, 0, 0, 0.002, 0.001, 0, 0, 0, 0, 0
Node_AABM5X1_AABM5X3_0, 0, 0, 0.001, 0.001, 0, 0, 0, 0, 0.001
Node_Acid12_Acid13_0, 0, 0, 0.003, 0.003, 0, 0, 0, 0, 0.003
Node_Acid1_Acid17_0, 0, 0, 0.001, 0.001, 0, 0, 0, 0, 0.001
Node_Acid29_Acid27_0, 0.002, 0, 0.002, 0.002, 0.002, 0, 0.002, 0, 0.004
Node_Acid32_Acid26_0, 0.001, 0, 0.002, 0.003, 0.001, 0, 0.001, 0, 0.003
Node_Acid34_Acid24_0, 0.001, 0, 0.001, 0.001, 0.001, 0, 0.001, 0, 0.002
Node_Acid34_Acid29_0, 0, 0, 0.003, 0.001, 0, 0, 0, 0, 0
Node_Acid34_Acid33_0, 0.003, 0, 0.004, 0.004, 0.003, 0, 0.003, 0.001, 0.006
Node_Acid37_Acid21_0, 0, 0, 0.001, 0.001, 0, 0, 0, 0, 0.001
Node_Acid37_Acid30_0, 0, 0, 0.001, 0.002, 0, 0, 0, 0, 0.001
Node_Acid38_Acid2_0, 0, 0, 0.001, 0, 0, 0, 0, 0, 0
Node_Acid38_Acid36_0, 0, 0, 0.002, 0.003, 0, 0, 0, 0, 0.001
Node_Acid38_Acid40_0, 0.001, 0, 0.003, 0.004, 0.001, 0, 0.001, 0, 0.003
Node_Acid38_Acid4_0, 0.002, 0, 0.001, 0.002, 0.002, 0, 0.002, 0, 0.003
Node_Acid38_Acid7_0, 0.001, 0, 0.003, 0.003, 0.001, 0, 0.001, 0, 0.002
Node_Acid38_Acid8_0, 0.001, 0, 0, 0, 0.001, 0, 0.001, 0.001, 0
Node_Acid38_B130X1_0, 0.001, 0, 0, 0, 0.001, 0.001, 0.001, 0.001, 0
Node_Acid39_Acid35_0, 0.001, 0, 0.006, 0.007, 0.001, 0, 0.001, 0, 0.007
Node_Acid3_Acid14_0, 0, 0, 0.006, 0.006, 0, 0, 0, 0, 0.004
Node_Acid3_Acid6_0, 0.002, 0, 0.002, 0.003, 0.002, 0, 0.002, 0, 0.004
Node_Acid40_Acid20_0, 0.001, 0, 0.002, 0.002, 0.001, 0, 0.001, 0.001, 0.002
Node_Acid6_Acid28_0, 0, 0, 0.004, 0.004, 0, 0, 0, 0, 0.002
Node_Acid8_Acid9_0, 0.001, 0, 0, 0.001, 0.001, 0, 0.001, 0.001, 0
Node_Acid9_Acid39_0, 0, 0, 0.001, 0, 0, 0, 0, 0, 0
Node_Acti10_Acti25_0, 0.002, 0, 0, 0.001, 0.002, 0, 0.002, 0, 0.002
Node_Acti10_Acti31_0, 0.002, 0, 0.001, 0.001, 0.002, 0, 0.002, 0.001, 0.001
Node_Acti10_Acti3_0, 0.002, 0, 0.006, 0.005, 0.002, 0, 0.002, 0, 0.006
Node_Acti10_Acti7_0, 0.002, 0, 0.004, 0.005, 0.002, 0, 0.002, 0.001, 0.004
Node_Acti12_Acti21_0, 0, 0, 0.002, 0.001, 0, 0, 0, 0, 0.001
Node_Acti12_Acti48_0, 0.001, 0, 0.002, 0.003, 0.001, 0, 0.001, 0, 0.003
Node_Acti14_Acti33_0, 0, 0, 0.001, 0.001, 0, 0, 0, 0, 0.001
Node_Acti14_Acti34_0, 0, 0, 0.004, 0.004, 0, 0, 0, 0, 0.004
Node_Acti14_Acti6_0, 0.001, 0, 0, 0, 0.001, 0, 0.001, 0, 0.001
Node_Acti18_Acti16_0, 0, 0, 0.001, 0.001, 0, 0, 0, 0, 0.001
Node_Acti19_Acti13_0, 0, 0, 0.019, 0.003, 0, 0, 0, 0, 0
Node_Acti19_Acti23_0, 0.001, 0, 0.003, 0.004, 0.001, 0, 0.001, 0, 0.004
Node_Acti19_Acti49_0, 0.019, 0, 0.001, 0.004, 0.019, 0, 0.019, 0.003, 0.016
Node_Acti19_Acti8_0, 0.004, 0, 0, 0, 0.004, 0, 0.004, 0, 0.004
Node_Acti33_Acti35_0, 0.001, 0, 0.001, 0.001, 0.001, 0, 0.001, 0, 0.002
Node_Acti43_Acti36_0, 0, 0, 0.003, 0.003, 0, 0, 0, 0, 0.003
Node_Acti46_Acti41_0, 0, 0, 0.002, 0.003, 0, 0, 0, 0, 0.002
Node_Acti47_Acti45_0, 0, 0, 0.002, 0.003, 0, 0, 0, 0, 0.002
Node_Acti49_Acti15_0, 0.864, 0, 0.01, 0.007, 0.864, 0, 0.864, 0.861, 0.005
Node_Acti49_Acti32_0, 0.001, 0, 0.892, 0.007, 0.001, 0, 0.001, 0.001, 0.001
Node_Acti49_Acti38_0, 0.892, 0, 0.006, 0.012, 0.89, 0, 0.892, 0.862, 0.034
Node_Acti49_Acti40_0, 0.869, 0, 0.003, 0.049, 0.869, 0.001, 0.869, 0.02, 0.852
Node_Acti50_Acti46_0, 0, 0, 0.001, 0.001, 0, 0, 0, 0, 0.001
Node_Acti50_Acti47_0, 0, 0, 0.002, 0.003, 0, 0, 0, 0, 0.001
Node_Acti50_Acti52_0, 0.001, 0, 0, 0, 0.001, 0, 0.001, 0, 0.001
Node_Acti52_Acti12_0, 0, 0, 0.001, 0.001, 0, 0, 0, 0, 0
Node_Acti52_Acti37_0, 0.001, 0, 0.003, 0.002, 0.001, 0, 0.001, 0, 0.003
Node_Acti52_Acti44_0, 0, 0, 0.001, 0.001, 0, 0, 0, 0, 0.001
Node_Acti8_Acti24_0, 0.003, 0, 0.005, 0.005, 0.003, 0, 0.003, 0, 0.007
Node_Acti8_Acti2_0, 0, 0, 0.004, 0, 0, 0, 0, 0, 0
Node_Acti8_Acti5_0, 0.001, 0, 0, 0, 0.001, 0, 0.001, 0, 0.001
Node_Aqui2_Aqui1_0, 0, 0, 0.002, 0.005, 0, 0, 0, 0, 0.002
Node_Aqui2_Aqui3_0, 0.001, 0, 0.001, 0, 0.001, 0, 0.001, 0.001, 0
Node_Aqui2_Aqui5_0, 0, 0, 0.001, 0.002, 0, 0, 0, 0, 0.001
Node_Aqui2_Aqui6_0, 0, 0, 0.001, 0, 0, 0, 0, 0, 0
Node_Aqui2_Camp1_0, 0.001, 0, 0, 0, 0.001, 0, 0.001, 0.001, 0
Node_Aqui2_Thers1_0, 0.002, 0, 0, 0.002, 0.002, 0.001, 0.002, 0.002, 0
Node_Aqui6_Aqui4_0, 0.001, 0, 0.006, 0.009, 0.001, 0, 0.001, 0, 0.007
Node_Arma15_Arma13_0, 0, 0, 0.005, 0.005, 0, 0, 0, 0, 0.005
Node_Arma4_Acti50_0, 0, 0, 0.001, 0, 0, 0, 0, 0, 0
Node_Arma6_Arma15_0, 0, 0, 0.001, 0.001, 0, 0, 0, 0, 0.001
Node_Bact1_Bact11_0, 0.001, 0, 0.004, 0.004, 0.001, 0, 0.001, 0, 0.003
Node_Bact1_Bact17_0, 0.002, 0, 0.002, 0.001, 0.002, 0, 0.002, 0, 0.002
Node_Bact20_Bact1_0, 0.002, 0, 0.001, 0.001, 0.002, 0, 0.002, 0, 0.003
Node_Bact20_Bact30_0, 0.001, 0, 0.003, 0.003, 0.001, 0, 0.001, 0, 0.002
Node_Bact21_Bact29_0, 0.245, 0, 0.005, 0.064, 0.245, 0, 0.245, 0.047, 0.203
Node_Bact21_Bact36_0, 0.047, 0, 0.001, 0.009, 0.047, 0, 0.047, 0.014, 0.034
Node_Bact21_Bact44_0, 0.014, 0, 0.002, 0.001, 0.014, 0, 0.014, 0.01, 0.005
Node_Bact23_Bact28_0, 0, 0, 0.001, 0.001, 0, 0, 0, 0, 0.001
Node_Bact24_Bact23_0, 0, 0, 0.001, 0.001, 0, 0, 0, 0, 0
Node_Bact24_Bact3_0, 0.001, 0, 0, 0.001, 0.001, 0, 0.001, 0, 0.001
Node_Bact27_Bact19_0, 0.024, 0, 0.004, 0.013, 0.024, 0, 0.024, 0.011, 0.017
Node_Bact27_Bact21_0, 0.011, 0, 0, 0.003, 0.011, 0, 0.011, 0, 0.011
Node_Bact27_Bact35_0, 0.221, 0, 0.002, 0.098, 0.221, 0, 0.221, 0.024, 0.199
Node_Bact27_Bact40_0, 0.994, 0, 0, 0.225, 0.993, 0, 0.994, 0.221, 0.773
Node_Bact27_Mari3_0, 0, 0, 0.001, 0.001, 0, 0.001, 0, 0, 0
Node_Bact29_Bact9_0, 0.999, 0, 0, 0.368, 0.999, 0, 0.999, 0.245, 0.754
Node_Bact30_Bact32_0, 0, 0, 0.001, 0, 0, 0, 0, 0, 0
Node_Bact31_Bact38_0, 0, 0, 0.003, 0.004, 0, 0, 0, 0, 0.003
Node_Bact33_Bact10_0, 0, 0, 0.004, 0.003, 0, 0, 0, 0, 0.002
Node_Bact33_Bact39_0, 0.001, 0, 0, 0.001, 0.001, 0, 0.001, 0, 0.001
Node_Bact33_Bact6_0, 0.002, 0, 0, 0.001, 0.002, 0, 0.002, 0, 0.002
Node_Bact36_Bact43_0, 0.004, 0, 0.045, 0.009, 0.004, 0, 0.004, 0.002, 0.002
Node_Bact37_Bact42_0, 0, 0, 0.005, 0.005, 0, 0, 0, 0, 0.005
Node_Bact3_Bact12_0, 0, 0, 0.001, 0, 0, 0, 0, 0, 0
Node_Bact3_Bact13_0, 0, 0, 0.002, 0.002, 0, 0, 0, 0, 0.001
Node_Bact3_Bact18_0, 0.001, 0, 0, 0, 0.001, 0, 0.001, 0, 0.001
Node_Bact40_Bact41_0, 1.001, 0, 0.003, 0.06, 1, 0, 1.001, 0.991, 0.01
Node_Bact5_Bact16_0, 0, 0, 0.001, 0.001, 0, 0, 0, 0, 0.001
Node_Bact7_Bact8_0, 0.001, 0, 0.002, 0.002, 0.001, 0, 0.001, 0, 0.003
Node_Bdell12_Bdell3_0, 0, 0, 0.003, 0.002, 0, 0, 0, 0, 0.002
Node_Bdell13_Bdell12_0, 0.001, 0, 0, 0, 0.001, 0, 0.001, 0, 0.001
Node_Bdell14_Bdell11_0, 0.002, 0, 0.002, 0.003, 0.002, 0, 0.002, 0, 0.004
Node_Bdell14_Bdell4_0, 0.001, 0, 0.004, 0.004, 0.001, 0, 0.001, 0, 0.003
Node_Bdell15_Bdell7_0, 0, 0, 0.001, 0.001, 0, 0, 0, 0, 0.001
Node_Bdell15_Bdell9_0, 0.001, 0, 0.002, 0.003, 0.001, 0, 0.001, 0, 0.003
Node_Bdell17_Bdell16_0, 0, 0, 0.001, 0.002, 0, 0, 0, 0, 0.001
Node_Bdell2_Bdell10_0, 0.001, 0, 0, 0, 0.001, 0, 0.001, 0, 0.001
Node_Bdell7_Bdell5_0, 0.002, 0, 0.001, 0.002, 0.002, 0, 0.002, 0, 0.003
Node_Bipo1_Bipo2_0, 0, 0, 0.001, 0.002, 0, 0.001, 0, 0, 0
Node_Caldit2_Caldit1_0, 0.001, 0, 0.004, 0.004, 0.001, 0, 0.001, 0, 0.005
Node_Camp14_Camp15_0, 0, 0, 0.001, 0.001, 0, 0, 0, 0, 0.001
Node_Camp1_Camp2_0, 0, 0, 0.001, 0.001, 0, 0, 0, 0, 0.001
Node_Camp1_Camp9_0, 0, 0, 0.001, 0.001, 0, 0.001, 0, 0, 0
Node_Camp1_UBP6X1_0, 0, 0, 0.001, 0.003, 0, 0, 0, 0, 0
Node_Camp2_Camp11_0, 0.001, 0, 0.001, 0.001, 0.001, 0, 0.001, 0, 0.002
Node_Camp2_Camp4_0, 0, 0, 0.001, 0.001, 0, 0, 0, 0, 0
Node_Camp2_Camp5_0, 0.001, 0, 0.001, 0.002, 0.001, 0, 0.001, 0.001, 0.001
Node_Camp2_Camp7_0, 0.001, 0, 0.002, 0.002, 0.001, 0, 0.001, 0, 0.002
Node_Camp4_Camp16_0, 0.002, 0, 0.002, 0.002, 0.002, 0, 0.002, 0, 0.004
Node_Camp5_Camp12_0, 0, 0, 0.004, 0.004, 0, 0, 0, 0, 0.003
Node_Camp7_Camp14_0, 0, 0, 0.001, 0, 0, 0, 0, 0, 0
Node_Camp9_Camp6_0, 0.001, 0, 0, 0.001, 0.001, 0, 0.001, 0, 0.001
Node_Chlo12_Chlo24_0, 0, 0, 0.001, 0.003, 0, 0, 0, 0, 0
Node_Chlo26_Chlo11_0, 0.001, 0, 0.001, 0.001, 0.001, 0, 0.001, 0, 0.002
Node_Chlo30_Chlo20_0, 0, 0, 0.006, 0.006, 0, 0, 0, 0, 0.005
Node_Chlo30_Chlo23_0, 0.001, 0, 0, 0, 0.001, 0, 0.001, 0, 0.001
Node_Chlo31_Chlo25_0, 0, 0, 0.003, 0.004, 0, 0, 0, 0, 0.003
Node_Chlo35_Chlo21_0, 0, 0, 0.002, 0.003, 0, 0, 0, 0, 0.001
Node_Chlo36_Chlo13_0, 0, 0, 0.007, 0.006, 0, 0, 0, 0, 0.004
Node_Chlo36_Chlo14_0, 0.003, 0, 0.001, 0.001, 0.003, 0, 0.003, 0, 0.004
Node_Chlo36_Chlo28_0, 0, 0, 0.002, 0.002, 0, 0, 0, 0, 0.002
Node_Chlo36_Chlo40_0, 0, 0, 0.002, 0.002, 0, 0, 0, 0, 0.002
Node_Chlo36_Chlo5_0, 0.003, 0, 0.003, 0.003, 0.003, 0, 0.003, 0.002, 0.003
Node_Chlo38_Chlo19_0, 0, 0, 0.002, 0.003, 0, 0, 0, 0, 0.002
Node_Chlo38_Chlo31_0, 0, 0, 0.002, 0.002, 0, 0, 0, 0, 0.002
Node_Chlo41_Chlo29_0, 0, 0, 0.001, 0.001, 0, 0.001, 0, 0, 0
Node_Chlo41_Chlo39_0, 0, 0, 0.002, 0.001, 0, 0, 0, 0, 0.001
Node_Chlo41_Chlo7_0, 0.001, 0, 0, 0, 0.001, 0, 0.001, 0, 0.001
Node_Chlo42_Chlo34_0, 0, 0, 0.001, 0, 0, 0, 0, 0, 0
Node_Chlo43_Chlo42_0, 0.001, 0, 0.003, 0.003, 0.001, 0, 0.001, 0, 0.003
Node_Chlo43_Chlo45_0, 0.001, 0, 0, 0.002, 0.001, 0, 0.001, 0, 0.001
Node_Chlo43_Chlo47_0, 0.001, 0, 0.001, 0.001, 0.001, 0, 0.001, 0, 0.001
Node_Chlo44_Chlo17_0, 0.001, 0, 0.003, 0.003, 0.001, 0, 0.001, 0, 0.003
Node_Chlo44_Chlo22_0, 0.001, 0, 0, 0, 0.001, 0, 0.001, 0, 0.001
Node_Chlo45_Chlo27_0, 0.002, 0, 0.001, 0, 0.002, 0, 0.002, 0, 0.002
Node_Chlo45_Chlo46_0, 0.001, 0, 0.003, 0.001, 0.001, 0, 0.001, 0, 0.002
Node_Chlo47_Chlo48_0, 0, 0, 0.001, 0.001, 0, 0, 0, 0, 0
Node_Chlo48_Chlo10_0, 0.001, 0, 0.003, 0.003, 0.001, 0, 0.001, 0, 0.004
Node_Chlo4_Chlo12_0, 0.001, 0, 0, 0, 0.001, 0, 0.001, 0, 0.001
Node_Chlo4_Chlo35_0, 0.001, 0, 0, 0, 0.001, 0, 0.001, 0.001, 0
Node_Chlo5_Chlo16_0, 0.002, 0, 0.004, 0.003, 0.002, 0, 0.002, 0.001, 0.003
Node_Chlo6_Chlo18_0, 0.002, 0, 0.002, 0.004, 0.002, 0, 0.002, 0, 0.004
Node_Chlo7_Chlo15_0, 0.001, 0, 0.003, 0.003, 0.001, 0, 0.001, 0, 0.003
Node_Chry1_Aqui2_0, 0.001, 0, 0, 0, 0.001, 0.001, 0.001, 0.001, 0
Node_Chry1_Defe3_0, 0.001, 0, 0, 0, 0.001, 0, 0.001, 0.001, 0
Node_Cyan10_Cyan35_0, 0, 0, 0.001, 0.001, 0, 0, 0, 0, 0
Node_Cyan10_Cyan45_0, 0, 0, 0.003, 0.004, 0, 0, 0, 0, 0.003
Node_Cyan10_Cyan46_0, 0.001, 0, 0.001, 0.003, 0.001, 0, 0.001, 0, 0.002
Node_Cyan11_Cyan26_0, 0.002, 0, 0.002, 0.001, 0.002, 0, 0.002, 0.001, 0.002
Node_Cyan12_Cyan13_0, 0, 0, 0.003, 0.003, 0, 0, 0, 0, 0.002
Node_Cyan14_Cyan15_0, 0, 0, 0.005, 0.006, 0, 0, 0, 0, 0.004
Node_Cyan14_Cyan16_0, 0.001, 0, 0.002, 0.004, 0.001, 0, 0.001, 0.001, 0.002
Node_Cyan14_Cyan23_0, 0.001, 0, 0.004, 0.003, 0.001, 0, 0.001, 0, 0.003
Node_Cyan16_Cyan29_0, 0, 0, 0.001, 0.001, 0, 0, 0, 0, 0
Node_Cyan19_Cyan22_0, 0.002, 0, 0.002, 0.001, 0.002, 0, 0.002, 0, 0.003
Node_Cyan19_Cyan47_0, 0.004, 0, 0, 0.002, 0.004, 0, 0.004, 0.002, 0.002
Node_Cyan31_Cyan34_0, 0, 0, 0.002, 0.003, 0, 0, 0, 0, 0
Node_Cyan33_Cyan21_0, 0, 0, 0.007, 0.008, 0, 0, 0, 0, 0.005
Node_Cyan40_Arma4_0, 0.001, 0, 0.001, 0.002, 0.001, 0.001, 0.001, 0.001, 0
Node_Cyan40_Cyan11_0, 0.002, 0, 0.002, 0.002, 0.002, 0, 0.002, 0, 0.003
Node_Cyan40_Cyan14_0, 0.002, 0, 0.001, 0.001, 0.002, 0, 0.002, 0, 0.002
Node_Cyan40_Cyan19_0, 0.001, 0, 0.001, 0.001, 0.001, 0, 0.001, 0.001, 0.001
Node_Cyan40_Cyan24_0, 0, 0, 0.002, 0.001, 0, 0, 0, 0, 0
Node_Cyan40_Cyan25_0, 0.001, 0, 0.002, 0.002, 0.001, 0, 0.001, 0, 0.003
Node_Cyan40_Cyan27_0, 0.002, 0, 0.004, 0.003, 0.002, 0, 0.002, 0, 0.004
Node_Cyan40_Cyan36_0, 0.001, 0, 0, 0, 0.001, 0, 0.001, 0, 0.001
Node_Cyan40_Cyan37_0, 0, 0, 0.002, 0.002, 0, 0, 0, 0, 0.002
Node_Cyan40_Cyan38_0, 0, 0, 0.001, 0.001, 0, 0, 0, 0, 0.001
Node_Cyan40_Therd1_0, 0, 0, 0.001, 0.001, 0, 0, 0, 0, 0
Node_Cyan46_Cyan30_0, 0, 0, 0.002, 0.002, 0, 0, 0, 0, 0.001
Node_Cyan46_Cyan31_0, 0.002, 0, 0.001, 0.001, 0.002, 0, 0.002, 0, 0.003
Node_Cyan46_Cyan32_0, 0, 0, 0.002, 0.002, 0, 0, 0, 0, 0.002
Node_Cyan46_Cyan33_0, 0.002, 0, 0.003, 0.001, 0.002, 0, 0.002, 0, 0.003
Node_Cyan46_Cyan41_0, 0, 0, 0.004, 0.002, 0, 0, 0, 0, 0.002
Node_Cyan47_Cyan43_0, 0, 0, 0.004, 0, 0, 0, 0, 0, 0
Node_Cyan47_Cyan44_0, 0.001, 0, 0.001, 0.002, 0.001, 0, 0.001, 0, 0.002
Node_Cyan4_Cyan9_0, 0, 0, 0.001, 0.001, 0, 0, 0, 0, 0.001
Node_Cyan7_Cyan12_0, 0.001, 0, 0.002, 0.002, 0.001, 0.001, 0.001, 0, 0.002
Node_Defe3_Defe1_0, 0, 0, 0.001, 0, 0, 0, 0, 0, 0
Node_Defe3_Defe2_0, 0, 0, 0.002, 0.002, 0, 0, 0, 0, 0.002
Node_Dein4_Dein2_0, 0, 0, 0.001, 0.002, 0, 0, 0, 0, 0.001
Node_Dein4_Dein6_0, 0.002, 0, 0.002, 0.004, 0.002, 0, 0.002, 0, 0.004
Node_Dein5_Dein1_0, 0.001, 0, 0.001, 0.001, 0.001, 0, 0.001, 0, 0.002
Node_Dein5_Dein7_0, 0, 0, 0.001, 0.001, 0, 0, 0, 0, 0.001
Node_Dein7_Dein3_0, 0.001, 0, 0, 0, 0.001, 0, 0.001, 0, 0.001
Node_DesuB1_DesuB2_0, 0.002, 0, 0.001, 0.003, 0.002, 0, 0.002, 0, 0.003
Node_DesuB4_BdellC1_0, 0, 0, 0.001, 0.001, 0, 0, 0, 0, 0
Node_DesuB4_DesuB3_0, 0.001, 0, 0.001, 0.001, 0.001, 0, 0.001, 0, 0.002
Node_DesuB4_Desua5_0, 0.001, 0, 0, 0, 0.001, 0.001, 0.001, 0.001, 0
Node_DesuC2_DesuC1_0, 0, 0, 0.003, 0.003, 0, 0, 0, 0, 0.002
Node_DesuC2_Desua47_0, 0.001, 0, 0, 0, 0.001, 0, 0.001, 0.001, 0
Node_DesuD2_DesuD1_0, 0, 0, 0.003, 0.005, 0, 0, 0, 0, 0.003
Node_Desua16_Desua15_0, 0, 0, 0.001, 0.001, 0, 0, 0, 0, 0.001
Node_Desua16_Desua24_0, 0, 0, 0.002, 0.002, 0, 0, 0, 0, 0.002
Node_Desua1_Desua34_0, 0, 0, 0.006, 0.009, 0, 0, 0, 0, 0.006
Node_Desua22_Desua10_0, 0.001, 0, 0, 0.001, 0.001, 0, 0.001, 0.001, 0
Node_Desua22_Desua13_0, 0.001, 0, 0, 0, 0.001, 0, 0.001, 0, 0.001
Node_Desua22_Desua14_0, 0.001, 0, 0.001, 0, 0.001, 0, 0.001, 0, 0.001
Node_Desua22_Desua16_0, 0, 0, 0.001, 0.001, 0, 0, 0, 0, 0
Node_Desua22_Desua23_0, 0.001, 0, 0.002, 0.004, 0.001, 0, 0.001, 0.001, 0.002
Node_Desua2_Desua8_0, 0, 0, 0.005, 0.005, 0, 0, 0, 0, 0.005
Node_Desua36_Desua38_0, 0.001, 0, 0.001, 0.002, 0.001, 0, 0.001, 0, 0.002
Node_Desua36_Desua39_0, 0, 0, 0.003, 0.003, 0, 0, 0, 0, 0.003
Node_Desua42_Desua11_0, 0, 0, 0.003, 0.003, 0, 0, 0, 0, 0.003
Node_Desua42_Desua12_0, 0, 0, 0.003, 0.003, 0, 0, 0, 0, 0.002
Node_Desua43_Desua50_0, 0.001, 0, 0.002, 0.002, 0.001, 0, 0.001, 0, 0.002
Node_Desua43_Desua52_0, 0, 0, 0.001, 0.001, 0, 0, 0, 0, 0
Node_Desua43_Desua54_0, 0.001, 0, 0.002, 0.002, 0.001, 0, 0.001, 0, 0.003
Node_Desua47_Desua29_0, 0.001, 0, 0, 0, 0.001, 0, 0.001, 0.001, 0
Node_Desua47_Desua37_0, 0.001, 0, 0.005, 0.007, 0.001, 0, 0.001, 0, 0.005
Node_Desua47_Desua41_0, 0.001, 0, 0, 0, 0.001, 0, 0.001, 0.001, 0
Node_Desua47_Desua53_0, 0.001, 0, 0.001, 0, 0.001, 0, 0.001, 0, 0.001
Node_Desua48_Desua42_0, 0.001, 0, 0, 0, 0.001, 0, 0.001, 0, 0.001
Node_Desua48_Desua46_0, 0, 0, 0.003, 0.002, 0, 0, 0, 0, 0.002
Node_Desua49_Desua21_0, 0.001, 0, 0, 0, 0.001, 0, 0.001, 0, 0.001
Node_Desua49_Desua44_0, 0, 0, 0.001, 0.001, 0, 0, 0, 0, 0.001
Node_Desua4_Desua49_0, 0, 0, 0.001, 0.001, 0, 0, 0, 0, 0.001
Node_Desua53_Desua51_0, 0.001, 0, 0.004, 0.006, 0.001, 0, 0.001, 0, 0.004
Node_Desua6_Desua19_0, 0.001, 0, 0.002, 0.003, 0.001, 0, 0.001, 0, 0.003
Node_Desua6_Desua7_0, 0, 0, 0.002, 0.002, 0, 0, 0, 0, 0.001
Node_Desua9_Desua17_0, 0, 0, 0.003, 0.001, 0, 0, 0, 0, 0.001
Node_Desua9_Desua18_0, 0.002, 0, 0.001, 0.002, 0.002, 0, 0.002, 0, 0.003
Node_Dorm2_Dorm1_0, 0, 0, 0.001, 0.001, 0, 0, 0, 0, 0
Node_Dorm2_Dorm4_0, 0.002, 0, 0.001, 0.003, 0.002, 0, 0.002, 0, 0.003
Node_Dorm2_Dorm5_0, 0.001, 0, 0.003, 0.002, 0.001, 0, 0.001, 0, 0.002
Node_Eise2_Eise1_0, 0, 0, 0.006, 0.011, 0, 0, 0, 0, 0.005
Node_Eise4_Eise2_0, 0.001, 0, 0, 0, 0.001, 0, 0.001, 0, 0.001
Node_Eise4_Eise3_0, 0, 0, 0.005, 0.006, 0, 0, 0, 0, 0.004
Node_Elus2_Elus3_0, 0.001, 0, 0, 0.001, 0.001, 0, 0.001, 0, 0.001
Node_Elus2_Elus5_0, 0, 0, 0.001, 0, 0, 0, 0, 0, 0
Node_Elus3_Elus4_0, 0, 0, 0.001, 0, 0, 0, 0, 0, 0
Node_Elus3_Elus6_0, 0.001, 0, 0.001, 0.002, 0.001, 0, 0.001, 0, 0.002
Node_Elus3_Elus7_0, 0.001, 0, 0, 0, 0.001, 0, 0.001, 0.001, 0
Node_Elus6_Elus8_0, 0.001, 0, 0.001, 0.003, 0.001, 0, 0.001, 0.001, 0.001
Node_Erem4_Erem5_0, 0, 0, 0.001, 0.001, 0, 0, 0, 0, 0.001
Node_Erem6_Erem2_0, 0, 0, 0.001, 0.001, 0, 0, 0, 0, 0.001
Node_Erem6_Erem4_0, 0, 0, 0.004, 0.007, 0, 0, 0, 0, 0.004
Node_FCPU1_FCPU2_0, 0, 0, 0.002, 0.003, 0, 0, 0, 0, 0.002
Node_Fibr4_Fibr2_0, 0, 0, 0.003, 0.004, 0, 0, 0, 0, 0.003
Node_FirmA102_FirmA76_0, 0.001, 0, 0.003, 0.003, 0.001, 0, 0.001, 0, 0.003
Node_FirmA104_FirmA78_0, 0, 0, 0.002, 0.002, 0, 0, 0, 0, 0
Node_FirmA106_FirmA114_0, 0, 0, 0.002, 0.002, 0, 0, 0, 0, 0.002
Node_FirmA109_FirmA77_0, 0, 0, 0.003, 0.003, 0, 0, 0, 0, 0.003
Node_FirmA109_FirmA95_0, 0, 0, 0.002, 0.002, 0, 0, 0, 0, 0.002
Node_FirmA114_FirmA98_0, 0.002, 0, 0.001, 0.002, 0.002, 0, 0.002, 0, 0.003
Node_FirmA12_FirmA93_0, 0.001, 0, 0.002, 0.002, 0.001, 0, 0.001, 0, 0.003
Node_FirmA14_FirmA113_0, 0, 0, 0.001, 0.001, 0, 0, 0, 0, 0.001
Node_FirmA18_FirmA103_0, 0.001, 0, 0.002, 0.002, 0.001, 0, 0.001, 0, 0.003
Node_FirmA20_FirmA100_0, 0, 0, 0.001, 0.001, 0, 0, 0, 0, 0.001
Node_FirmA20_FirmA25_0, 0.002, 0, 0, 0, 0.002, 0, 0.002, 0.002, 0
Node_FirmA20_FirmA38_0, 0.002, 0, 0, 0, 0.002, 0, 0.002, 0, 0.002
Node_FirmA20_FirmA52_0, 0, 0, 0.004, 0.002, 0, 0, 0, 0, 0.002
Node_FirmA21_FirmA108_0, 0, 0, 0.002, 0.002, 0, 0, 0, 0, 0.001
Node_FirmA21_FirmA47_0, 0.001, 0, 0, 0, 0.001, 0, 0.001, 0, 0.001
Node_FirmA21_FirmA88_0, 0.001, 0, 0.004, 0.006, 0.001, 0, 0.001, 0, 0.004
Node_FirmA25_FirmA56_0, 0, 0, 0.003, 0.006, 0, 0, 0, 0, 0.001
Node_FirmA26_FirmA102_0, 0.001, 0, 0, 0, 0.001, 0, 0.001, 0, 0.001
Node_FirmA26_FirmA41_0, 0, 0, 0.003, 0.003, 0, 0, 0, 0, 0.002
Node_FirmA26_FirmA7_0, 0.001, 0, 0.002, 0.002, 0.001, 0, 0.001, 0, 0.002
Node_FirmA27_FirmA71_0, 0, 0, 0.003, 0.002, 0, 0, 0, 0, 0.002
Node_FirmA27_FirmA89_0, 0.001, 0, 0.001, 0.001, 0.001, 0, 0.001, 0, 0.002
Node_FirmA29_FirmA51_0, 0, 0, 0.003, 0.003, 0, 0, 0, 0, 0.003
Node_FirmA38_FirmA32_0, 0, 0, 0.003, 0.003, 0, 0, 0, 0, 0.001
Node_FirmA43_FirmA39_0, 0.003, 0, 0.001, 0.004, 0.003, 0, 0.003, 0.001, 0.003
Node_FirmA45_FirmA40_0, 0, 0, 0.001, 0.001, 0, 0, 0, 0, 0.001
Node_FirmA50_FirmA70_0, 0, 0, 0.006, 0.009, 0, 0, 0, 0, 0.004
Node_FirmA52_FirmA107_0, 0.001, 0, 0.001, 0.001, 0.001, 0, 0.001, 0, 0.002
Node_FirmA52_FirmA42_0, 0, 0, 0.003, 0.004, 0, 0, 0, 0, 0.003
Node_FirmA53_FirmA35_0, 0.002, 0, 0.003, 0.003, 0.002, 0, 0.002, 0, 0.004
Node_FirmA55_FirmA29_0, 0, 0, 0.003, 0.004, 0, 0, 0, 0, 0.001
Node_FirmA58_FirmA43_0, 0.001, 0, 0.004, 0.005, 0.001, 0, 0.001, 0, 0.005
Node_FirmA59_FirmA36_0, 0.002, 0, 0.001, 0.001, 0.002, 0, 0.002, 0.001, 0.002
Node_FirmA59_FirmA44_0, 0.001, 0, 0, 0, 0.001, 0, 0.001, 0, 0.001
Node_FirmA59_FirmA48_0, 0, 0, 0.002, 0.001, 0, 0, 0, 0, 0
Node_FirmA61_FirmA66_0, 0.001, 0, 0, 0, 0.001, 0, 0.001, 0.001, 0
Node_FirmA62_FirmA104_0, 0.002, 0, 0, 0, 0.002, 0, 0.002, 0.001, 0.001
Node_FirmA62_FirmA58_0, 0, 0, 0.003, 0.001, 0, 0, 0, 0, 0.001
Node_FirmA62_FirmA6_0, 0, 0, 0.004, 0.004, 0, 0, 0, 0, 0.004
Node_FirmA63_FirmA109_0, 0, 0, 0.001, 0.001, 0, 0, 0, 0, 0
Node_FirmA63_FirmA10_0, 0.001, 0, 0, 0, 0.001, 0, 0.001, 0, 0.001
Node_FirmA63_FirmA30_0, 0, 0, 0.001, 0, 0, 0, 0, 0, 0
Node_FirmA63_FirmA45_0, 0, 0, 0.003, 0.003, 0, 0, 0, 0, 0.003
Node_FirmA63_FirmA57_0, 0, 0, 0.001, 0.001, 0, 0, 0, 0, 0.001
Node_FirmA63_FirmA99_0, 0.001, 0, 0.001, 0.001, 0.001, 0, 0.001, 0, 0.002
Node_FirmA64_FirmA33_0, 0, 0, 0.001, 0.001, 0, 0, 0, 0, 0.001
Node_FirmA65_FirmA5_0, 0, 0, 0.001, 0.001, 0, 0, 0, 0, 0.001
Node_FirmA65_FirmA69_0, 0, 0, 0.001, 0, 0, 0, 0, 0, 0
Node_FirmA67_FirmA50_0, 0.002, 0, 0.001, 0.002, 0.002, 0, 0.002, 0, 0.003
Node_FirmA67_FirmA79_0, 0.002, 0, 0.001, 0.001, 0.002, 0, 0.002, 0.001, 0.001
Node_FirmA69_FirmA72_0, 0, 0, 0.002, 0.002, 0, 0, 0, 0, 0.002
Node_FirmA72_FirmA73_0, 0, 0, 0.003, 0.003, 0, 0, 0, 0, 0.003
Node_FirmA7_FirmA12_0, 0, 0, 0.002, 0.001, 0, 0, 0, 0, 0
Node_FirmA7_FirmA90_0, 0.002, 0, 0, 0, 0.002, 0, 0.002, 0.001, 0.001
Node_FirmA80_FirmA34_0, 0.001, 0, 0.001, 0.002, 0.001, 0, 0.001, 0.001, 0.001
Node_FirmA81_FirmA19_0, 0, 0, 0.001, 0.001, 0, 0, 0, 0, 0.001
Node_FirmA81_FirmA84_0, 0.001, 0, 0, 0.001, 0.001, 0, 0.001, 0.001, 0
Node_FirmA81_FirmA92_0, 0, 0, 0.001, 0, 0, 0, 0, 0, 0
Node_FirmA83_FirmA49_0, 0.001, 0, 0.002, 0.001, 0.001, 0, 0.001, 0.001, 0.001
Node_FirmA83_FirmA55_0, 0.002, 0, 0, 0.004, 0.002, 0, 0.002, 0.001, 0.001
Node_FirmA83_FirmA59_0, 0, 0, 0.001, 0, 0, 0, 0, 0, 0
Node_FirmA83_FirmA65_0, 0.001, 0, 0, 0, 0.001, 0, 0.001, 0, 0.001
Node_FirmA83_FirmA81_0, 0.001, 0, 0, 0, 0.001, 0, 0.001, 0, 0.001
Node_FirmA83_FirmA86_0, 0.002, 0, 0, 0, 0.002, 0, 0.002, 0.002, 0
Node_FirmA84_FirmA111_0, 0, 0, 0.001, 0.001, 0, 0, 0, 0, 0
Node_FirmA84_FirmA46_0, 0.001, 0, 0, 0.001, 0.001, 0, 0.001, 0, 0.001
Node_FirmA84_FirmA9_0, 0.002, 0, 0.001, 0.001, 0.002, 0, 0.002, 0, 0.002
Node_FirmA85_FirmA60_0, 0, 0, 0.001, 0.001, 0, 0, 0, 0, 0.001
Node_FirmA85_FirmC13_0, 0, 0, 0.001, 0.001, 0, 0, 0, 0, 0
Node_FirmA86_FirmA61_0, 0.001, 0, 0.002, 0.002, 0.001, 0, 0.001, 0.001, 0.001
Node_FirmA87_FirmA106_0, 0, 0, 0.001, 0, 0, 0, 0, 0, 0
Node_FirmA87_FirmA62_0, 0.001, 0, 0, 0, 0.001, 0, 0.001, 0, 0.001
Node_FirmA87_FirmA96_0, 0, 0, 0.001, 0.001, 0, 0, 0, 0, 0.001
Node_FirmA88_FirmA101_0, 0.001, 0, 0.002, 0.003, 0.001, 0, 0.001, 0, 0.002
Node_FirmA89_FirmA21_0, 0.001, 0, 0.001, 0.002, 0.001, 0, 0.001, 0, 0.001
Node_FirmA89_FirmA31_0, 0, 0, 0.001, 0.001, 0, 0, 0, 0, 0
Node_FirmA89_FirmA53_0, 0.001, 0, 0.001, 0, 0.001, 0, 0.001, 0, 0.001
Node_FirmA89_FirmA68_0, 0, 0, 0.002, 0.004, 0, 0, 0, 0, 0.002
Node_FirmA89_FirmA80_0, 0.001, 0, 0.001, 0, 0.001, 0, 0.001, 0, 0.001
Node_FirmA90_FirmA112_0, 0, 0, 0.006, 0.006, 0, 0, 0, 0, 0.004
Node_FirmA94_FirmA75_0, 0.001, 0, 0.002, 0.002, 0.001, 0, 0.001, 0, 0.003
Node_FirmA96_FirmA91_0, 0.001, 0, 0.002, 0.002, 0.001, 0, 0.001, 0, 0.003
Node_FirmA99_FirmA18_0, 0, 0, 0.003, 0.002, 0, 0, 0, 0, 0.002
Node_FirmB16_FirmB13_0, 0.001, 0, 0.003, 0.003, 0.001, 0, 0.001, 0, 0.003
Node_FirmB17_FirmB15_0, 0, 0, 0.002, 0.002, 0, 0, 0, 0, 0.002
Node_FirmB2_FirmB11_0, 0.001, 0, 0.002, 0.001, 0.001, 0, 0.001, 0.001, 0.001
Node_FirmB2_FirmB12_0, 0.002, 0, 0.002, 0.005, 0.002, 0, 0.002, 0, 0.004
Node_FirmB3_FirmB14_0, 0, 0, 0.002, 0.002, 0, 0, 0, 0, 0.002
Node_FirmB4_FirmB17_0, 0, 0, 0.001, 0.001, 0, 0, 0, 0, 0.001
Node_FirmB4_FirmB1_0, 0, 0, 0.001, 0.002, 0, 0, 0, 0, 0.001
Node_FirmB8_FirmB16_0, 0.001, 0, 0, 0, 0.001, 0, 0.001, 0, 0.001
Node_FirmB8_FirmB5_0, 0, 0, 0.001, 0, 0, 0, 0, 0, 0
Node_FirmB9_FirmB10_0, 0, 0, 0.004, 0.005, 0, 0, 0, 0, 0.004
Node_FirmB9_FirmB6_0, 0, 0, 0.001, 0.001, 0, 0, 0, 0, 0.001
Node_FirmC10_FirmC14_0, 0, 0, 0.004, 0.004, 0, 0, 0, 0, 0.004
Node_FirmC10_FirmC18_0, 0, 0, 0.001, 0.002, 0, 0, 0, 0, 0.001
Node_FirmC10_FirmC19_0, 0, 0, 0.001, 0.001, 0, 0, 0, 0, 0.001
Node_FirmC11_FirmC3_0, 0.002, 0, 0.002, 0.004, 0.002, 0, 0.002, 0.001, 0.002
Node_FirmC13_FirmC10_0, 0, 0, 0.002, 0.002, 0, 0, 0, 0, 0.001
Node_FirmC13_FirmC8_0, 0.001, 0, 0, 0, 0.001, 0, 0.001, 0, 0.001
Node_FirmC15_FirmC12_0, 0, 0, 0.002, 0.001, 0, 0, 0, 0, 0.001
Node_FirmC1_FirmC4_0, 0, 0, 0.003, 0.004, 0, 0, 0, 0, 0.003
Node_FirmC6_FirmC1_0, 0, 0, 0.001, 0.003, 0, 0, 0, 0, 0.001
Node_FirmC8_FirmC11_0, 0.002, 0, 0.001, 0.001, 0.002, 0, 0.002, 0, 0.003
Node_FirmC8_FirmC15_0, 0.001, 0, 0.003, 0.003, 0.001, 0, 0.001, 0, 0.002
Node_FirmC8_FirmC6_0, 0, 0, 0.003, 0.003, 0, 0, 0, 0, 0.002
Node_FirmC8_FirmC7_0, 0.002, 0, 0.002, 0, 0.002, 0, 0.002, 0, 0.002
Node_FirmC8_FirmC9_0, 0.001, 0, 0.001, 0, 0.001, 0, 0.001, 0, 0.001
Node_FirmD2_FirmD3_0, 0.001, 0, 0, 0, 0.001, 0, 0.001, 0, 0.001
Node_FirmD4_FirmD2_0, 0, 0, 0.001, 0.001, 0, 0, 0, 0, 0.001
Node_FirmE4_FirmE6_0, 0.001, 0, 0.001, 0.001, 0.001, 0, 0.001, 0, 0.002
Node_FirmE5_FirmA85_0, 0.001, 0, 0, 0, 0.001, 0, 0.001, 0.001, 0
Node_FirmE5_FirmE7_0, 0, 0, 0.001, 0, 0, 0, 0, 0, 0
Node_FirmE7_FirmE8_0, 0.001, 0, 0.003, 0.003, 0.001, 0, 0.001, 0, 0.004
Node_FirmF2_FirmF3_0, 0, 0, 0.001, 0.001, 0, 0, 0, 0, 0.001
Node_FirmG6_FirmE5_0, 0.001, 0, 0, 0, 0.001, 0.001, 0.001, 0.001, 0
Node_FirmG6_FirmG5_0, 0, 0, 0.001, 0, 0, 0, 0, 0, 0
Node_Firms11_Firms17_0, 0.265, 0, 0.001, 0.097, 0.265, 0, 0.265, 0.023, 0.243
Node_Firms13_Firms1_0, 0.004, 0, 0.002, 0.002, 0.004, 0, 0.004, 0.001, 0.004
Node_Firms1_Firms10_0, 0.002, 0, 0.006, 0.007, 0.002, 0, 0.002, 0.001, 0.004
Node_Firms20_Firms12_0, 0.001, 0, 0.004, 0.005, 0.001, 0, 0.001, 0, 0.003
Node_Firms20_Firms29_0, 0.001, 0, 0.003, 0.003, 0.001, 0, 0.001, 0, 0.003
Node_Firms22_Firms27_0, 0.003, 0, 0.005, 0.004, 0.003, 0, 0.003, 0.002, 0.002
Node_Firms23_Firms18_0, 0, 0, 0.001, 0.001, 0, 0, 0, 0, 0.001
Node_Firms24_Firms26_0, 0.002, 0, 0.01, 0.004, 0.002, 0, 0.002, 0.002, 0.001
Node_Firms30_Firms31_0, 0, 0, 0.001, 0.001, 0, 0, 0, 0, 0.001
Node_Firms32_Firms25_0, 0.001, 0, 0, 0, 0.001, 0, 0.001, 0, 0.001
Node_Firms33_Firms11_0, 0.023, 0, 0.002, 0.009, 0.023, 0, 0.023, 0.006, 0.019
Node_Firms33_Firms13_0, 0.002, 0, 0.001, 0, 0.002, 0, 0.002, 0.002, 0
Node_Firms33_Firms15_0, 0, 0, 0.001, 0.001, 0, 0, 0, 0, 0.001
Node_Firms33_Firms16_0, 0.001, 0, 0.001, 0.002, 0.001, 0, 0.001, 0, 0.002
Node_Firms33_Firms20_0, 0.002, 0, 0.001, 0.002, 0.002, 0, 0.002, 0.001, 0.002
Node_Firms33_Firms21_0, 0.001, 0, 0.001, 0.002, 0.001, 0, 0.001, 0.001, 0.001
Node_Firms33_Firms22_0, 0.006, 0, 0.002, 0.001, 0.006, 0, 0.006, 0.003, 0.004
Node_Firms33_Firms23_0, 0, 0, 0.001, 0.001, 0, 0, 0, 0, 0.001
Node_Firms33_Firms28_0, 0.001, 0, 0.005, 0.006, 0.001, 0, 0.001, 0, 0.004
Node_Firms33_Firms2_0, 0, 0, 0.002, 0.001, 0, 0, 0, 0, 0.001
Node_Firms33_Firms30_0, 0, 0, 0.003, 0.001, 0, 0, 0, 0, 0.001
Node_Firms33_Firms32_0, 0, 0, 0.002, 0.003, 0, 0, 0, 0, 0.002
Node_Firms33_Firms3_0, 0.004, 0, 0.001, 0, 0.004, 0, 0.004, 0.001, 0.003
Node_Firms33_Firms5_0, 0, 0, 0.002, 0.001, 0, 0, 0, 0, 0
Node_Firms33_Firms6_0, 0.003, 0, 0.002, 0.001, 0.003, 0, 0.003, 0.003, 0
Node_Firms33_Firms7_0, 0.002, 0, 0.023, 0.005, 0.002, 0, 0.002, 0.001, 0.002
Node_Firms33_Firms8_0, 0.005, 0, 0, 0.004, 0.005, 0, 0.005, 0, 0.005
Node_Firms33_Firms9_0, 0.002, 0, 0.002, 0.004, 0.002, 0, 0.002, 0, 0.004
Node_Firms8_Firms24_0, 0.011, 0, 0.083, 0.026, 0.011, 0, 0.011, 0.01, 0.003
Node_Firms8_Firms4_0, 0.091, 0, 0, 0.02, 0.091, 0, 0.091, 0.005, 0.086
Node_Gemm2_Gemm4_0, 0, 0, 0.001, 0.001, 0, 0, 0, 0, 0.001
Node_Gemm3_Gemm6_0, 0, 0, 0.006, 0.007, 0, 0, 0, 0, 0.004
Node_Gemm9_Gemm3_0, 0.002, 0, 0, 0, 0.002, 0, 0.002, 0, 0.002
Node_Gemm9_Gemm7_0, 0, 0, 0.003, 0.003, 0, 0, 0, 0, 0.003
Node_Gold1_Gold2_0, 0, 0, 0.006, 0.006, 0, 0, 0, 0, 0.006
Node_Hydr2_Hydr1_0, 0.001, 0, 0, 0, 0.001, 0, 0.001, 0, 0.001
Node_KSB1X2_KSB1X4_0, 0.001, 0, 0.001, 0.003, 0.001, 0, 0.001, 0, 0.002
Node_KSB1X3_KSB1X1_0, 0, 0, 0.001, 0.002, 0, 0, 0, 0, 0
Node_Mari3_Mari2_0, 0.001, 0, 0, 0, 0.001, 0, 0.001, 0, 0.001
Node_Mari6_Mari1_0, 0, 0, 0.003, 0.003, 0, 0, 0, 0, 0.003
Node_Mari6_Mari5_0, 0, 0, 0.001, 0.001, 0, 0, 0, 0, 0.001
Node_Meth2_Meth1_0, 0.001, 0, 0.004, 0.006, 0.001, 0, 0.001, 0, 0.005
Node_Meth4_Meth3_0, 0.002, 0, 0.003, 0.001, 0.002, 0, 0.002, 0, 0.003
Node_Meth5_Meth4_0, 0.002, 0, 0.006, 0.006, 0.002, 0, 0.002, 0, 0.008
Node_Meth5_NitsA1_0, 0, 0, 0.001, 0, 0, 0, 0, 0, 0
Node_Meth5_SZUA1_0, 0, 0, 0.001, 0.001, 0, 0, 0, 0, 0.001
Node_MyxA1_MyxA2_0, 0, 0, 0.003, 0.003, 0, 0, 0, 0, 0.002
Node_MyxA1_MyxA4_0, 0.001, 0, 0, 0, 0.001, 0, 0.001, 0, 0.001
Node_MyxA2_MyxA3_0, 0, 0, 0.001, 0.001, 0, 0, 0, 0, 0.001
Node_Myxo10_Myxo14_0, 0.002, 0, 0, 0, 0.002, 0, 0.002, 0, 0.002
Node_Myxo10_Myxo15_0, 0.07, 0, 0.002, 0.021, 0.07, 0, 0.07, 0.016, 0.055
Node_Myxo10_Myxo17_0, 0.017, 0, 0, 0.002, 0.017, 0, 0.017, 0.002, 0.015
Node_Myxo11_Myxo13_0, 0.001, 0, 0.003, 0.004, 0.001, 0, 0.001, 0, 0.004
Node_Myxo14_Myxo3_0, 0, 0, 0.002, 0.001, 0, 0, 0, 0, 0
Node_Myxo14_Myxo5_0, 0, 0, 0.001, 0.001, 0, 0, 0, 0, 0.001
Node_Myxo14_Myxo6_0, 0.001, 0, 0, 0, 0.001, 0, 0.001, 0, 0.001
Node_Myxo15_Myxo18_0, 0.229, 0, 0.001, 0.052, 0.229, 0, 0.229, 0.069, 0.16
Node_Myxo17_Myxo19_0, 0.003, 0, 0.016, 0.003, 0.003, 0, 0.003, 0.002, 0.002
Node_Myxo2_Myxo1_0, 0.001, 0, 0, 0, 0.001, 0, 0.001, 0, 0.001
Node_Myxo8_Myxo7_0, 0, 0, 0.001, 0.001, 0, 0, 0, 0, 0.001
Node_Nitr10_Nitr3_0, 0, 0, 0.004, 0.003, 0, 0, 0, 0, 0.003
Node_Nitr10_Nitr4_0, 0.001, 0, 0.003, 0.004, 0.001, 0, 0.001, 0, 0.004
Node_Nitr10_Nitr6_0, 0.001, 0, 0.002, 0.003, 0.001, 0, 0.001, 0, 0.003
Node_Nitr14_CG294X1_0, 0, 0, 0.001, 0.001, 0, 0, 0, 0, 0
Node_Nitr14_Meth5_0, 0.001, 0, 0, 0, 0.001, 0.001, 0.001, 0.001, 0
Node_Nitr14_Nitr12_0, 0, 0, 0.006, 0.009, 0, 0, 0, 0, 0.005
Node_Nitr14_Nitr16_0, 0.001, 0, 0, 0, 0.001, 0, 0.001, 0, 0.001
Node_Nitr14_Nitr2_0, 0, 0, 0.001, 0.001, 0, 0, 0, 0, 0.001
Node_Nitr16_Nitr11_0, 0.001, 0, 0.003, 0.002, 0.001, 0, 0.001, 0, 0.003
Node_Nitr16_Nitr17_0, 0.001, 0, 0.004, 0.003, 0.001, 0, 0.001, 0, 0.004
Node_Nitr17_Nitr5_0, 0.001, 0, 0.002, 0.002, 0.001, 0, 0.001, 0, 0.002
Node_Nits1_Nits3_0, 0.001, 0, 0.004, 0.005, 0.001, 0, 0.001, 0, 0.003
Node_Nits4_Nits2_0, 0, 0, 0.003, 0.002, 0, 0, 0, 0, 0.002
Node_NitsA1_NitsA2_0, 0.001, 0, 0.003, 0.003, 0.001, 0, 0.001, 0, 0.003
Node_NitsA1_NitsA3_0, 0.001, 0, 0, 0, 0.001, 0.001, 0.001, 0.001, 0
Node_NitsA3_Nits1_0, 0.002, 0, 0.001, 0.001, 0.002, 0, 0.002, 0.001, 0.002
Node_NitsA3_Nits4_0, 0.001, 0, 0.001, 0, 0.001, 0, 0.001, 0, 0.001
Node_Pate13_Pate34_0, 0.001, 0, 0, 0, 0.001, 0, 0.001, 0.001, 0
Node_Pate13_Pate6_0, 0.001, 0, 0, 0.002, 0.001, 0, 0.001, 0, 0.001
Node_Pate14_Pate35_0, 0, 0, 0.001, 0, 0, 0, 0, 0, 0
Node_Pate14_Pate5_0, 0.001, 0, 0, 0.001, 0.001, 0, 0.001, 0, 0.001
Node_Pate15_Pate29_0, 0, 0, 0.001, 0.001, 0, 0, 0, 0, 0.001
Node_Pate18_Pate38_0, 0.001, 0, 0.001, 0.001, 0.001, 0, 0.001, 0, 0.002
Node_Pate18_Pate9_0, 0, 0, 0.001, 0.001, 0, 0.001, 0, 0, 0
Node_Pate19_Pate37_0, 0, 0, 0.001, 0.001, 0, 0, 0, 0, 0
Node_Pate19_Pate4_0, 0.001, 0, 0, 0, 0.001, 0.001, 0.001, 0.001, 0
Node_Pate24_Pate39_0, 0, 0, 0.001, 0.002, 0, 0, 0, 0, 0.001
Node_Pate25_Pate28_0, 0, 0, 0.001, 0.001, 0, 0, 0, 0, 0.001
Node_Pate26_Pate12_0, 0.001, 0, 0, 0, 0.001, 0, 0.001, 0, 0.001
Node_Pate43_Pate3_0, 0.001, 0, 0, 0, 0.001, 0.001, 0.001, 0.001, 0
Node_Pate43_Pate44_0, 0, 0, 0.002, 0.002, 0, 0, 0, 0, 0.001
Node_Pate48_Pate1_0, 0, 0, 0.001, 0.001, 0, 0, 0, 0, 0.001
Node_Pate48_Pate49_0, 0, 0, 0.001, 0.002, 0, 0.001, 0, 0, 0
Node_Pate51_Pate27_0, 0, 0, 0.002, 0.003, 0, 0, 0, 0, 0.001
Node_Pate51_Pate53_0, 0.001, 0, 0, 0, 0.001, 0, 0.001, 0, 0.001
Node_Pate9_Pate36_0, 0, 0, 0.002, 0.002, 0, 0, 0, 0, 0.002
Node_Plan17_Plan23_0, 0, 0, 0.004, 0.004, 0, 0, 0, 0, 0.003
Node_Plan22_Plan2_0, 0.001, 0, 0.002, 0.003, 0.001, 0, 0.001, 0, 0.003
Node_Plan22_Plan4_0, 0, 0, 0.001, 0.001, 0, 0, 0, 0, 0.001
Node_Plan26_Plan21_0, 0, 0, 0.002, 0.001, 0, 0.001, 0, 0, 0
Node_Plan30_Plan14_0, 0, 0, 0.002, 0.002, 0, 0, 0, 0, 0.002
Node_Plan31_Plan17_0, 0.001, 0, 0, 0, 0.001, 0, 0.001, 0, 0.001
Node_Plan32_Plan12_0, 0.001, 0, 0.003, 0.003, 0.001, 0, 0.001, 0.001, 0.002
Node_Plan32_Plan22_0, 0, 0, 0.001, 0.001, 0, 0, 0, 0, 0
Node_Plan32_Plan26_0, 0.001, 0, 0, 0, 0.001, 0.001, 0.001, 0.001, 0
Node_Plan32_Plan30_0, 0, 0, 0.001, 0.001, 0, 0, 0, 0, 0.001
Node_Plan32_Plan3_0, 0.002, 0, 0.003, 0.003, 0.002, 0, 0.002, 0, 0.005
Node_Plan42_Plan40_0, 0, 0, 0.001, 0.001, 0, 0, 0, 0, 0.001
Node_Plan43_Plan42_0, 0, 0, 0.001, 0.001, 0, 0, 0, 0, 0.001
Node_Pori1_Pori2_0, 0, 0, 0.001, 0.001, 0, 0, 0, 0, 0.001
Node_ProtA11_ProtA32_0, 0, 0, 0.001, 0.001, 0, 0, 0, 0, 0.001
Node_ProtA12_ProtA44_0, 0, 0, 0.001, 0.001, 0, 0, 0, 0, 0.001
Node_ProtA12_ProtA54_0, 0.001, 0, 0.001, 0.001, 0.001, 0, 0.001, 0, 0.002
Node_ProtA13_ProtA77_0, 0, 0, 0.001, 0.001, 0, 0, 0, 0, 0
Node_ProtA13_ProtA7_0, 0, 0, 0.001, 0.001, 0, 0, 0, 0, 0.001
Node_ProtA15_ProtA42_0, 0, 0, 0.002, 0.002, 0, 0, 0, 0, 0.002
Node_ProtA15_ProtA70_0, 0, 0, 0.001, 0.001, 0, 0, 0, 0, 0
Node_ProtA16_ProtA33_0, 0, 0, 0.002, 0.003, 0, 0, 0, 0, 0.001
Node_ProtA16_ProtA66_0, 0.001, 0, 0.001, 0.001, 0.001, 0, 0.001, 0, 0.002
Node_ProtA16_ProtA69_0, 0.001, 0, 0, 0, 0.001, 0, 0.001, 0, 0.001
Node_ProtA16_ProtA8_0, 0.001, 0, 0.002, 0.001, 0.001, 0, 0.001, 0, 0.002
Node_ProtA18_ProtA10_0, 0.001, 0, 0.001, 0.001, 0.001, 0, 0.001, 0, 0.002
Node_ProtA18_ProtA19_0, 0.002, 0, 0, 0, 0.002, 0, 0.002, 0, 0.002
Node_ProtA18_ProtA29_0, 0, 0, 0.008, 0.001, 0, 0, 0, 0, 0.001
Node_ProtA18_ProtA53_0, 0.007, 0, 0.001, 0.003, 0.007, 0, 0.007, 0.001, 0.006
Node_ProtA19_ProtA14_0, 0.001, 0, 0.001, 0.001, 0.001, 0, 0.001, 0.001, 0.001
Node_ProtA19_ProtA20_0, 0, 0, 0.002, 0, 0, 0, 0, 0, 0
Node_ProtA19_ProtA3_0, 0.002, 0, 0.001, 0.003, 0.002, 0, 0.002, 0.001, 0.002
Node_ProtA19_ProtA46_0, 0.001, 0, 0.001, 0, 0.001, 0, 0.001, 0, 0.001
Node_ProtA19_ProtA49_0, 0, 0, 0.001, 0.001, 0, 0, 0, 0, 0
Node_ProtA19_ProtA56_0, 0, 0, 0.001, 0.001, 0, 0, 0, 0, 0.001
Node_ProtA19_ProtA68_0, 0.001, 0, 0.004, 0.005, 0.001, 0, 0.001, 0.001, 0.003
Node_ProtA19_ProtA74_0, 0.001, 0, 0.004, 0.004, 0.001, 0, 0.001, 0, 0.004
Node_ProtA19_ProtA75_0, 0.001, 0, 0.001, 0.002, 0.001, 0, 0.001, 0, 0.002
Node_ProtA27_ProtA21_0, 0, 0, 0.001, 0.002, 0, 0, 0, 0, 0.001
Node_ProtA30_ProtA35_0, 0.001, 0, 0, 0, 0.001, 0, 0.001, 0, 0.001
Node_ProtA34_DesuC2_0, 0.001, 0, 0, 0, 0.001, 0.001, 0.001, 0.001, 0
Node_ProtA34_J088X1_0, 0.002, 0, 0, 0, 0.002, 0.001, 0.002, 0.002, 0
Node_ProtA34_ProtA13_0, 0.001, 0, 0, 0, 0.001, 0, 0.001, 0, 0.001
Node_ProtA34_ProtA26_0, 0, 0, 0.003, 0.003, 0, 0, 0, 0, 0
Node_ProtA34_ProtA38_0, 0, 0, 0.001, 0.001, 0, 0, 0, 0, 0.001
Node_ProtA34_ProtA40_0, 0, 0, 0.001, 0, 0, 0, 0, 0, 0
Node_ProtA34_ProtA43_0, 0.001, 0, 0.003, 0.006, 0.001, 0, 0.001, 0, 0.004
Node_ProtA34_ProtA9_0, 0.003, 0, 0.001, 0.002, 0.003, 0.002, 0.003, 0.003, 0
Node_ProtA34_ProtG30_0, 0.008, 0, 0, 0.001, 0.008, 0.006, 0.008, 0.008, 0
Node_ProtA34_ProtM1_0, 0.003, 0, 0.006, 0, 0.003, 0.001, 0.003, 0.003, 0
Node_ProtA34_mitoFungi_0, 0.002, 0, 0.001, 0, 0.002, 0, 0.002, 0.002, 0
Node_ProtA38_ProtA15_0, 0.001, 0, 0, 0.001, 0.001, 0, 0.001, 0, 0.001
Node_ProtA38_ProtA41_0, 0.001, 0, 0.002, 0.002, 0.001, 0, 0.001, 0, 0.003
Node_ProtA38_ProtA64_0, 0, 0, 0.004, 0.005, 0, 0, 0, 0, 0.003
Node_ProtA39_ProtA36_0, 0.002, 0, 0.001, 0.002, 0.002, 0, 0.002, 0, 0.003
Node_ProtA3_ProtA72_0, 0.001, 0, 0.003, 0.003, 0.001, 0, 0.001, 0.001, 0.002
Node_ProtA3_ProtA76_0, 0.002, 0, 0.002, 0.002, 0.002, 0, 0.002, 0, 0.002
Node_ProtA40_ProtA67_0, 0.001, 0, 0, 0, 0.001, 0, 0.001, 0, 0.001
Node_ProtA46_ProtA55_0, 0, 0, 0.002, 0.001, 0, 0, 0, 0, 0.001
Node_ProtA47_ProtA63_0, 0.171, 0, 0, 0.001, 0.171, 0, 0.171, 0.024, 0.147
Node_ProtA53_ProtA58_0, 0.058, 0, 0, 0.014, 0.058, 0, 0.058, 0.007, 0.051
Node_ProtA56_ProtA52_0, 0.001, 0, 0.002, 0.006, 0.001, 0, 0.001, 0, 0.003
Node_ProtA68_ProtA2_0, 0, 0, 0.001, 0.001, 0, 0, 0, 0, 0
Node_ProtA69_ProtA50_0, 0.001, 0, 0.001, 0.002, 0.001, 0, 0.001, 0.001, 0.001
Node_ProtA76_ProtA47_0, 0.024, 0, 0.002, 0.002, 0.024, 0, 0.024, 0, 0.026
Node_ProtA76_ProtA48_0, 0, 0, 0.003, 0.002, 0, 0, 0, 0, 0.001
Node_ProtA76_ProtA62_0, 0.005, 0, 0.023, 0.004, 0.005, 0, 0.005, 0.003, 0.004
Node_ProtA76_ProtA71_0, 0.002, 0, 0.005, 0.003, 0.002, 0, 0.002, 0.002, 0.002
Node_ProtA77_ProtA31_0, 0, 0, 0.001, 0.001, 0, 0, 0, 0, 0.001
Node_ProtA77_ProtA51_0, 0, 0, 0.002, 0.002, 0, 0, 0, 0, 0.002
Node_ProtA9_ProtA60_0, 0.038, 0, 0, 0.021, 0.038, 0, 0.038, 0.003, 0.035
Node_ProtG12_ProtG5_0, 0.382, 0, 0.006, 0.008, 0.382, 0, 0.382, 0.244, 0.14
Node_ProtG16_ProtG17_0, 0.019, 0, 0.087, 0.041, 0.019, 0, 0.019, 0.018, 0.003
Node_ProtG18_ProtG10_0, 0.422, 0, 0.032, 0.021, 0.372, 0, 0.422, 0.259, 0.164
Node_ProtG18_ProtG12_0, 0.248, 0, 0.201, 0.014, 0.248, 0, 0.248, 0.223, 0.027
Node_ProtG18_ProtG14_0, 0.29, 0, 0.315, 0.086, 0.28, 0, 0.29, 0.266, 0.024
Node_ProtG18_ProtG21_0, 0.002, 0, 0.247, 0.005, 0.002, 0, 0.002, 0.002, 0.001
Node_ProtG24_ProtG18_0, 0.581, 0, 0.015, 0.14, 0.57, 0, 0.581, 0.387, 0.195
Node_ProtG25_ProtG9_0, 0.009, 0, 0.022, 0.007, 0.009, 0, 0.009, 0.007, 0.003
Node_ProtG29_ProtG76_0, 0.002, 0, 0.016, 0.015, 0.002, 0, 0.002, 0.002, 0.003
Node_ProtG30_ProtG19_0, 0, 0, 0.002, 0.001, 0, 0, 0, 0, 0.001
Node_ProtG30_ProtG31_0, 0.947, 0, 0.052, 0.033, 0.947, 0, 0.947, 0.947, 0.001
Node_ProtG30_ProtG34_0, 0.446, 0, 0.502, 0.103, 0.446, 0, 0.446, 0.445, 0.001
Node_ProtG30_ProtG35_0, 0.426, 0, 0.021, 0.067, 0.426, 0, 0.426, 0.425, 0.001
Node_ProtG30_ProtG39_0, 0.001, 0, 0.004, 0.003, 0.001, 0, 0.001, 0, 0.001
Node_ProtG30_ProtG42_0, 0.984, 0, 0.003, 0.063, 0.984, 0.001, 0.984, 0.984, 0
Node_ProtG30_ProtG49_0, 0.078, 0, 0.357, 0.108, 0.078, 0, 0.078, 0.078, 0
Node_ProtG30_ProtG50_0, 0.998, 0, 0, 0.047, 0.998, 0.009, 0.998, 0.993, 0.005
Node_ProtG30_ProtG64_0, 0.004, 0, 0.027, 0.021, 0.004, 0, 0.004, 0.004, 0
Node_ProtG30_ProtG71_0, 0.18, 0, 0, 0.006, 0.18, 0.138, 0.18, 0.176, 0.004
Node_ProtG30_ProtG80_0, 0.934, 0, 0, 0.066, 0.934, 0.724, 0.934, 0.904, 0.03
Node_ProtG30_ProtG84_0, 0.435, 0, 0.006, 0.069, 0.435, 0, 0.435, 0.421, 0.015
Node_ProtG30_ProtG85_0, 0.986, 0, 0, 0.087, 0.986, 0.05, 0.986, 0.984, 0.002
Node_ProtG30_ProtG87_0, 0.031, 0, 0.047, 0.038, 0.031, 0, 0.031, 0.031, 0
Node_ProtG30_ProtZ3_0, 0.038, 0, 0, 0.004, 0.038, 0.027, 0.038, 0.037, 0.001
Node_ProtG30_ProtZ5_0, 0.01, 0, 0, 0.001, 0.01, 0.002, 0.01, 0.01, 0
Node_ProtG31_ProtG16_0, 0.103, 0, 0.33, 0.125, 0.102, 0, 0.103, 0.099, 0.004
Node_ProtG31_ProtG32_0, 0.94, 0, 0.009, 0.046, 0.94, 0, 0.94, 0.938, 0.002
Node_ProtG31_ProtG36_0, 0.663, 0, 0.041, 0.135, 0.661, 0, 0.663, 0.657, 0.006
Node_ProtG31_ProtG44_0, 0.09, 0, 0.035, 0.055, 0.089, 0, 0.09, 0.07, 0.022
Node_ProtG31_ProtG45_0, 0.698, 0, 0.244, 0.135, 0.697, 0, 0.698, 0.697, 0.002
Node_ProtG31_ProtG47_0, 0.429, 0, 0.026, 0.07, 0.428, 0, 0.429, 0.416, 0.014
Node_ProtG31_ProtG61_0, 0.441, 0, 0.23, 0.125, 0.44, 0, 0.441, 0.434, 0.008
Node_ProtG32_ProtG26_0, 0.004, 0, 0.022, 0.021, 0.004, 0, 0.004, 0.003, 0.002
Node_ProtG32_ProtG33_0, 0.909, 0, 0.033, 0.043, 0.908, 0, 0.909, 0.907, 0.002
Node_ProtG32_ProtG37_0, 0.086, 0, 0.824, 0.117, 0.086, 0, 0.086, 0.086, 0.001
Node_ProtG32_ProtG43_0, 0.024, 0, 0.065, 0.037, 0.024, 0, 0.024, 0.022, 0.003
Node_ProtG33_ProtG48_0, 0.323, 0, 0.629, 0.255, 0.321, 0, 0.323, 0.319, 0.006
Node_ProtG33_ProtG67_0, 0.946, 0, 0.001, 0.046, 0.923, 0, 0.946, 0.908, 0.038
Node_ProtG33_ProtG7_0, 0.281, 0, 0.062, 0.292, 0.28, 0, 0.281, 0.263, 0.02
Node_ProtG35_ProtG81_0, 0.033, 0, 0.393, 0.088, 0.033, 0, 0.033, 0.033, 0
Node_ProtG36_ProtG20_0, 0.008, 0, 0.043, 0.026, 0.008, 0, 0.008, 0.008, 0.003
Node_ProtG36_ProtG24_0, 0.401, 0, 0.033, 0.109, 0.398, 0, 0.401, 0.349, 0.052
Node_ProtG36_ProtG38_0, 0.382, 0, 0.294, 0.148, 0.379, 0, 0.382, 0.369, 0.013
Node_ProtG36_ProtG65_0, 0.048, 0, 0.355, 0.115, 0.048, 0, 0.048, 0.047, 0.002
Node_ProtG37_ProtG41_0, 0.002, 0, 0.009, 0.003, 0.002, 0, 0.002, 0.002, 0
Node_ProtG37_ProtG51_0, 0, 0, 0.002, 0.002, 0, 0, 0, 0, 0
Node_ProtG37_ProtG53_0, 0.032, 0, 0.057, 0.056, 0.032, 0, 0.032, 0.032, 0.003
Node_ProtG37_ProtG8_0, 0.011, 0, 0.023, 0.021, 0.011, 0, 0.011, 0.01, 0.002
Node_ProtG38_ProtG28_0, 0.04, 0, 0.343, 0.118, 0.04, 0, 0.04, 0.04, 0.001
Node_ProtG38_ProtG46_0, 0.004, 0, 0.039, 0.02, 0.004, 0, 0.004, 0.004, 0.003
Node_ProtG39_ProtG15_0, 0, 0, 0.001, 0.001, 0, 0, 0, 0, 0
Node_ProtG41_ProtG40_0, 0.001, 0, 0.001, 0, 0.001, 0, 0.001, 0.001, 0
Node_ProtG42_ProtG74_0, 0.032, 0, 0.952, 0.103, 0.032, 0, 0.032, 0.032, 0
Node_ProtG43_ProtG55_0, 0.002, 0, 0.024, 0.021, 0.002, 0, 0.002, 0.002, 0.002
Node_ProtG44_ProtG22_0, 0.245, 0, 0.015, 0.128, 0.245, 0, 0.245, 0.077, 0.17
Node_ProtG45_ProtG66_0, 0.094, 0, 0.604, 0.171, 0.094, 0, 0.094, 0.094, 0
Node_ProtG45_ProtG75_0, 0.016, 0, 0.078, 0.05, 0.016, 0, 0.016, 0.016, 0
Node_ProtG47_ProtG62_0, 0.48, 0, 0.028, 0.108, 0.479, 0, 0.48, 0.401, 0.079
Node_ProtG48_ProtG1_0, 0.095, 0, 0.23, 0.17, 0.095, 0, 0.095, 0.095, 0.002
Node_ProtG48_ProtG25_0, 0.028, 0, 0.068, 0.045, 0.028, 0, 0.028, 0.027, 0.001
Node_ProtG48_ProtG6_0, 0.012, 0, 0.019, 0.015, 0.012, 0, 0.012, 0.011, 0.003
Node_ProtG49_ProtG29_0, 0.015, 0, 0.064, 0.041, 0.015, 0, 0.015, 0.015, 0.001
Node_ProtG53_ProtG27_0, 0.008, 0, 0.024, 0.013, 0.008, 0, 0.008, 0.008, 0
Node_ProtG53_ProtG70_0, 0.003, 0, 0.006, 0.003, 0.003, 0, 0.003, 0.002, 0.001
Node_ProtG58_ProtG59_0, 0.959, 0, 0.014, 0.922, 0.957, 0, 0.959, 0.956, 0.005
Node_ProtG59_ProtG73_0, 0.971, 0, 0.001, 0.214, 0.969, 0, 0.971, 0.958, 0.013
Node_ProtG61_ProtG60_0, 0.005, 0, 0.006, 0.006, 0.005, 0, 0.005, 0.004, 0.002
Node_ProtG61_ProtG72_0, 0.043, 0, 0.398, 0.089, 0.043, 0, 0.043, 0.043, 0
Node_ProtG61_ProtG78_0, 0.009, 0, 0.035, 0.026, 0.009, 0, 0.009, 0.008, 0.001
Node_ProtG62_ProtG77_0, 0.017, 0, 0.464, 0.125, 0.017, 0, 0.017, 0.017, 0.001
Node_ProtG65_ProtG69_0, 0.009, 0, 0.039, 0.019, 0.009, 0, 0.009, 0.009, 0
Node_ProtG66_ProtG68_0, 0.017, 0, 0.08, 0.05, 0.017, 0, 0.017, 0.017, 0.003
Node_ProtG67_ProtG63_0, 1.064, 0, 0.01, 0.039, 0.975, 0, 1.064, 0.942, 0.128
Node_ProtG80_ProtG57_0, 0.936, 0, 0.012, 0.063, 0.936, 0, 0.936, 0.923, 0.014
Node_ProtG81_ProtG79_0, 0.006, 0, 0.029, 0.028, 0.006, 0, 0.006, 0.005, 0.002
Node_ProtG83_ProtG52_0, 0.97, 0, 0.006, 0.01, 0.97, 0, 0.97, 0.967, 0.004
Node_ProtG83_ProtG89_0, 0.972, 0, 0.003, 0.184, 0.972, 0.001, 0.972, 0.584, 0.389
Node_ProtG84_ProtG11_0, 0.067, 0, 0.52, 0.135, 0.067, 0, 0.067, 0.067, 0.002
Node_ProtG84_ProtG83_0, 0.585, 0, 0.003, 0.082, 0.583, 0, 0.585, 0.455, 0.131
Node_ProtG84_ProtG90_0, 0.457, 0, 0.006, 0.059, 0.457, 0, 0.457, 0.429, 0.028
Node_ProtG85_ProtG56_0, 0.99, 0, 0.001, 0.01, 0.971, 0, 0.99, 0.96, 0.031
Node_ProtG85_ProtG58_0, 0.968, 0, 0.028, 0.057, 0.966, 0, 0.968, 0.958, 0.01
Node_ProtG85_ProtG86_0, 0.07, 0, 0.964, 0.021, 0.069, 0, 0.07, 0.027, 0.044
Node_ProtG85_ProtG88_0, 0.96, 0, 0.012, 0.028, 0.958, 0, 0.96, 0.957, 0.004
Node_ProtG85_ProtG91_0, 0.004, 0, 0.067, 0.019, 0.004, 0, 0.004, 0.004, 0.001
Node_ProtG86_ProtG82_0, 0.238, 0, 0.009, 0.064, 0.238, 0, 0.238, 0.061, 0.177
Node_ProtG87_ProtG3_0, 0.001, 0, 0.009, 0.006, 0.001, 0, 0.001, 0.001, 0.002
Node_ProtG87_ProtG4_0, 0.008, 0, 0.024, 0.016, 0.008, 0, 0.008, 0.008, 0.001
Node_ProtG89_ProtG13_0, 0.978, 0, 0.005, 0.017, 0.978, 0, 0.978, 0.968, 0.011
Node_ProtG90_ProtG54_0, 0.031, 0, 0.426, 0.108, 0.031, 0, 0.031, 0.031, 0
Node_ProtM1_ProtM2_0, 0, 0, 0.001, 0.002, 0, 0, 0, 0, 0
Node_ProtM1_ProtM3_0, 0.001, 0, 0.003, 0.002, 0.001, 0, 0.001, 0, 0.001
Node_ProtZ1_ProtZ4_0, 0, 0, 0.001, 0.001, 0, 0, 0, 0, 0.001
Node_ProtZ3_ProtZ1_0, 0, 0, 0.003, 0.004, 0, 0, 0, 0, 0.001
Node_ProtZ3_ProtZ2_0, 0.002, 0, 0.038, 0.006, 0.002, 0, 0.002, 0.002, 0.002
Node_SAR3X2_SAR3X1_0, 0, 0, 0.001, 0.003, 0, 0, 0, 0, 0.001
Node_SM23X1_Caldit2_0, 0, 0, 0.001, 0.001, 0, 0, 0, 0, 0.001
Node_SM23X1_KSB1X3_0, 0.001, 0, 0, 0.001, 0.001, 0, 0.001, 0, 0.001
Node_SM23X1_RBG1_0, 0, 0, 0.001, 0.001, 0, 0.001, 0, 0, 0
Node_Spir10_Spir3_0, 0, 0, 0.002, 0.003, 0, 0, 0, 0, 0.002
Node_Spir13_Spir2_0, 0, 0, 0.001, 0.001, 0, 0, 0, 0, 0.001
Node_Syne1_Cyan40_0, 0.001, 0, 0, 0, 0.001, 0.001, 0.001, 0.001, 0
Node_Syne1_Dein5_0, 0, 0, 0.001, 0, 0, 0, 0, 0, 0
Node_Syne1_Syne2_0, 0.001, 0, 0, 0, 0.001, 0, 0.001, 0.001, 0
Node_Syne1_Syne6_0, 0.001, 0, 0.001, 0.001, 0.001, 0, 0.001, 0, 0.002
Node_Syne1_Syne7_0, 0.001, 0, 0.001, 0.004, 0.001, 0, 0.001, 0.001, 0.001
Node_Syne2_Syne8_0, 0.002, 0, 0.002, 0.002, 0.002, 0, 0.002, 0.001, 0.003
Node_Syne7_Syne10_0, 0.001, 0, 0.001, 0, 0.001, 0, 0.001, 0, 0.001
Node_Syne8_Syne3_0, 0.001, 0, 0.001, 0.001, 0.001, 0, 0.001, 0.001, 0
Node_TA06X1_WOR1_0, 0, 0, 0.002, 0.003, 0, 0.001, 0, 0, 0.001
Node_Therg2_Therg4_0, 0.001, 0, 0.001, 0.001, 0.001, 0, 0.001, 0, 0.001
Node_Therg3_Therg5_0, 0, 0, 0.003, 0.004, 0, 0, 0, 0, 0.001
Node_Therg8_Therg2_0, 0.001, 0, 0, 0, 0.001, 0, 0.001, 0, 0.001
Node_Therg8_Therg3_0, 0.002, 0, 0.002, 0.001, 0.002, 0, 0.002, 0, 0.003
Node_Therg8_Therg6_0, 0, 0, 0.002, 0, 0, 0, 0, 0, 0
Node_Thers1_Desua45_0, 0, 0, 0.002, 0.001, 0, 0, 0, 0, 0
Node_UBA1X2_UBA1X3_0, 0, 0, 0.001, 0.001, 0, 0, 0, 0, 0.001
Node_UBA1X6_UBA1X1_0, 0.001, 0, 0.001, 0.001, 0.001, 0, 0.001, 0, 0.002
Node_UBA2X1_DesuD2_0, 0, 0, 0.001, 0, 0, 0, 0, 0, 0
Node_UBA2X1_Desua22_0, 0.001, 0, 0, 0, 0.001, 0.001, 0.001, 0.001, 0
Node_UBA6X1_Desa1_0, 0.001, 0, 0, 0.001, 0.001, 0.001, 0.001, 0.001, 0
Node_UBA6X1_Elus1_0, 0, 0, 0.001, 0, 0, 0, 0, 0, 0
Node_Verr11_Verr12_0, 0.943, 0, 0.002, 0.006, 0.943, 0, 0.943, 0.926, 0.017
Node_Verr11_Verr14_0, 0.928, 0, 0, 0.071, 0.928, 0, 0.928, 0.067, 0.861
Node_Verr11_Verr7_0, 0.018, 0, 0, 0.007, 0.018, 0.003, 0.018, 0.012, 0.006
Node_Verr11_Verr8_0, 0.009, 0, 0, 0, 0.009, 0.003, 0.009, 0.003, 0.006
Node_Verr11_Verr9_0, 0.067, 0, 0.004, 0.008, 0.067, 0, 0.067, 0.016, 0.053
Node_Verr3_Verr10_0, 0.122, 0, 0, 0.017, 0.122, 0, 0.122, 0.019, 0.103
Node_Verr5_Verr6_0, 0, 0, 0.008, 0.002, 0, 0, 0, 0, 0
Node_Verr7_Verr13_0, 0.05, 0, 0, 0.011, 0.05, 0, 0.05, 0.018, 0.032
Node_Verr7_Verr2_0, 0.978, 0, 0.001, 0.311, 0.975, 0.001, 0.978, 0.051, 0.928
Node_Verr7_Verr4_0, 0.018, 0, 0.001, 0.001, 0.018, 0, 0.018, 0.017, 0.001
Node_Verr8_Verr3_0, 0.019, 0, 0.001, 0.006, 0.019, 0, 0.019, 0.007, 0.012
Node_Verr8_Verr5_0, 0.008, 0, 0.002, 0.003, 0.008, 0.001, 0.008, 0.008, 0
Node_Zixi2_Zixi1_0, 0, 0, 0.001, 0.001, 0, 0, 0, 0, 0
Node_Zixi4_Zixi2_0, 0.001, 0, 0, 0, 0.001, 0, 0.001, 0, 0.001
Node_Zixi4_Zixi3_0, 0, 0, 0.002, 0.002, 0, 0, 0, 0, 0.001
Node_chloroArabidopsis_chloroBryophyte_0, 0.003, 0, 0.001, 0.002, 0.003, 0, 0.003, 0.002, 0.001
Node_chloroArabidopsis_chloroChlorophyta_0, 0.003, 0, 0.001, 0.002, 0.003, 0, 0.003, 0.001, 0.003
Node_chloroArabidopsis_chloroLycophyte_0, 0, 0, 0.005, 0.004, 0, 0, 0, 0, 0.002
Node_chloroArabidopsis_chloroRedAlgae_0, 0.001, 0, 0, 0, 0.001, 0, 0.001, 0, 0.001
Node_mitoAnnelida_mitoChelicerate_0, 0, 0, 0.003, 0.004, 0, 0, 0, 0, 0.003
Node_mitoArabidopsis_mitoLycophyte_0, 0, 0, 0.001, 0.001, 0, 0, 0, 0, 0.001
Node_mitoBryophyte_mitoArabidopsis_0, 0, 0, 0.001, 0.002, 0, 0, 0, 0, 0.001
Node_mitoBryophyte_mitoChlorophyta_0, 0, 0, 0.001, 0.001, 0, 0, 0, 0, 0.001
Node_mitoBryophyte_mitoParamecium_0, 0.001, 0, 0, 0, 0.001, 0, 0.001, 0, 0.001
Node_mitoBryophyte_mitoRedAlgae_0, 0, 0, 0.001, 0, 0, 0, 0, 0, 0
Node_mitoChelicerate_mitoInsect_0, 0, 0, 0.001, 0.001, 0, 0, 0, 0, 0.001
Node_mitoFungi_mitoBryophyte_0, 0, 0, 0.002, 0, 0, 0, 0, 0, 0
OLB1X1, 0, 0, 0.002, 0.003, 0, 0, 0, 0, 0.002
Omni2, 0, 0, 0.002, 0.002, 0, 0, 0, 0, 0.002
Omni4, 0, 0, 0.001, 0.001, 0, 0, 0, 0, 0.001
Omni6, 0, 0, 0.004, 0.006, 0, 0, 0, 0, 0.004
Omni7, 0, 0, 0.002, 0.002, 0, 0, 0, 0, 0.002
Omni8, 0, 0, 0.002, 0.002, 0, 0, 0, 0, 0.002
P4572X1, 0, 0, 0.003, 0.003, 0, 0, 0, 0, 0.003
Pate1, 0, 0, 0.003, 0.005, 0, 0, 0, 0, 0.003
Pate10, 0, 0, 0.004, 0.005, 0, 0, 0, 0, 0.004
Pate11, 0, 0, 0.003, 0.003, 0, 0, 0, 0, 0.003
Pate12, 0, 0, 0.003, 0.002, 0, 0, 0, 0, 0.002
Pate13, 0, 0, 0.004, 0.005, 0, 0, 0, 0, 0.003
Pate14, 0, 0, 0.004, 0.004, 0, 0, 0, 0, 0.004
Pate15, 0, 0, 0.002, 0.003, 0, 0, 0, 0, 0.002
Pate17, 0, 0, 0.004, 0.004, 0, 0, 0, 0, 0.004
Pate18, 0, 0, 0.004, 0.006, 0, 0, 0, 0, 0.003
Pate19, 0, 0, 0.001, 0.001, 0, 0, 0, 0, 0.001
Pate21, 0, 0, 0.003, 0.003, 0, 0, 0, 0, 0.003
Pate22, 0, 0, 0.001, 0.001, 0, 0, 0, 0, 0.001
Pate23, 0, 0, 0.008, 0.009, 0, 0, 0, 0, 0.008
Pate24, 0, 0, 0.004, 0.004, 0, 0, 0, 0, 0.004
Pate25, 0, 0, 0.002, 0.002, 0, 0, 0, 0, 0.002
Pate26, 0, 0, 0.009, 0.014, 0, 0, 0, 0, 0.008
Pate27, 0, 0, 0.001, 0.001, 0, 0, 0, 0, 0.001
Pate28, 0, 0, 0.007, 0.008, 0, 0, 0, 0, 0.007
Pate3, 0, 0, 0.006, 0.005, 0, 0, 0, 0, 0.005
Pate30, 0, 0, 0.003, 0.003, 0, 0, 0, 0, 0.003
Pate31, 0, 0, 0.006, 0.008, 0, 0, 0, 0, 0.006
Pate32, 0, 0, 0.005, 0.006, 0, 0.002, 0, 0, 0.003
Pate33, 0, 0, 0.003, 0.003, 0, 0, 0, 0, 0.003
Pate34, 0, 0, 0.004, 0.004, 0, 0, 0, 0, 0.003
Pate35, 0, 0, 0.003, 0.004, 0, 0, 0, 0, 0.003
Pate36, 0, 0, 0.002, 0.002, 0, 0, 0, 0, 0.002
Pate37, 0, 0, 0.003, 0.003, 0, 0, 0, 0, 0.003
Pate38, 0, 0, 0.002, 0.001, 0, 0, 0, 0, 0.001
Pate39, 0, 0, 0.001, 0.002, 0, 0, 0, 0, 0.001
Pate4, 0, 0, 0.007, 0.007, 0, 0, 0, 0, 0.006
Pate41, 0, 0, 0.005, 0.005, 0, 0, 0, 0, 0.005
Pate43, 0, 0, 0.004, 0.004, 0, 0, 0, 0, 0.004
Pate44, 0, 0, 0.005, 0.008, 0, 0, 0, 0, 0.005
Pate45, 0, 0, 0.002, 0.002, 0, 0, 0, 0, 0.002
Pate46, 0, 0, 0.002, 0.003, 0, 0, 0, 0, 0.002
Pate48, 0, 0, 0.001, 0.001, 0, 0, 0, 0, 0.001
Pate49, 0, 0, 0.004, 0.005, 0, 0, 0, 0, 0.004
Pate5, 0, 0, 0.004, 0.006, 0, 0, 0, 0, 0.003
Pate50, 0, 0, 0.006, 0.008, 0, 0, 0, 0, 0.006
Pate51, 0, 0, 0.001, 0.002, 0, 0, 0, 0, 0.001
Pate52, 0, 0, 0.003, 0.007, 0, 0, 0, 0, 0.003
Pate53, 0, 0, 0.004, 0.006, 0, 0, 0, 0, 0.003
Pate54, 0, 0, 0.002, 0.002, 0, 0, 0, 0, 0.002
Pate55, 0, 0, 0.001, 0.002, 0, 0, 0, 0, 0.001
Pate56, 0, 0, 0.002, 0.002, 0, 0, 0, 0, 0.002
Pate57, 0, 0, 0.004, 0.005, 0, 0, 0, 0, 0.004
Pate6, 0, 0, 0.004, 0.003, 0, 0, 0, 0, 0.003
Pate7, 0, 0, 0.004, 0.006, 0, 0, 0, 0, 0.004
Pate8, 0, 0, 0.001, 0.001, 0, 0, 0, 0, 0.001
Pate9, 0, 0, 0.001, 0.001, 0, 0, 0, 0, 0.001
Plan12, 0, 0, 0.003, 0.003, 0, 0, 0, 0, 0.002
Plan17, 0, 0, 0.001, 0.001, 0, 0, 0, 0, 0.001
Plan18, 0, 0, 0.004, 0.005, 0, 0, 0, 0, 0.004
Plan2, 0, 0, 0.002, 0.002, 0, 0, 0, 0, 0.001
Plan21, 0, 0, 0.001, 0.002, 0, 0, 0, 0, 0.001
Plan22, 0, 0, 0.001, 0, 0, 0, 0, 0, 0
Plan23, 0, 0, 0.001, 0.001, 0, 0, 0, 0, 0.001
Plan26, 0, 0, 0.006, 0.007, 0, 0, 0, 0, 0.006
Plan27, 0, 0, 0.001, 0.004, 0, 0, 0, 0, 0.001
Plan3, 0, 0, 0.002, 0, 0, 0, 0, 0, 0
Plan31, 0, 0, 0.003, 0.002, 0, 0, 0, 0, 0.002
Plan32, 0, 0, 0.003, 0.002, 0, 0, 0, 0, 0.002
Plan33, 0, 0, 0.005, 0.005, 0, 0, 0, 0, 0.005
Plan39, 0, 0, 0.001, 0.001, 0, 0, 0, 0, 0.001
Plan4, 0, 0, 0.001, 0.001, 0, 0, 0, 0, 0.001
Plan40, 0, 0, 0.004, 0.004, 0, 0, 0, 0, 0.004
Plan42, 0, 0, 0.001, 0.001, 0, 0, 0, 0, 0.001
Plan5, 0, 0, 0.002, 0.002, 0, 0, 0, 0, 0.002
Plan7, 0, 0, 0.003, 0.003, 0, 0, 0, 0, 0.003
Pori1, 0, 0, 0.001, 0.001, 0, 0, 0, 0, 0.001
Pori2, 0, 0, 0.002, 0.002, 0, 0, 0, 0, 0.002
ProtA10, 0, 0, 0.003, 0.002, 0, 0, 0, 0, 0.002
ProtA11, 0, 0, 0.004, 0.004, 0, 0, 0, 0, 0.004
ProtA12, 0, 0, 0.005, 0.007, 0, 0, 0, 0, 0.004
ProtA13, 0, 0, 0.001, 0.001, 0, 0, 0, 0, 0.001
ProtA14, 0, 0, 0.002, 0.001, 0, 0, 0, 0, 0.001
ProtA16, 0, 0, 0.002, 0.001, 0, 0, 0, 0, 0.001
ProtA18, 0, 0, 0.001, 0.001, 0, 0, 0, 0, 0
ProtA2, 0, 0, 0.001, 0.002, 0, 0, 0, 0, 0.001
ProtA20, 0, 0, 0.001, 0.001, 0, 0, 0, 0, 0.001
ProtA21, 0, 0, 0.002, 0.002, 0, 0, 0, 0, 0.002
ProtA26, 0, 0, 0.005, 0.005, 0, 0, 0, 0, 0.005
ProtA27, 0, 0, 0.005, 0.005, 0, 0, 0, 0, 0.005
ProtA29, 0, 0, 0.003, 0.003, 0, 0, 0, 0, 0.003
ProtA3, 0, 0, 0.001, 0, 0, 0, 0, 0, 0
ProtA30, 0, 0, 0.002, 0.003, 0, 0, 0, 0, 0.001
ProtA31, 0, 0, 0.001, 0.001, 0, 0, 0, 0, 0.001
ProtA32, 0, 0, 0.002, 0.002, 0, 0, 0, 0, 0.002
ProtA33, 0, 0, 0.001, 0.001, 0, 0, 0, 0, 0.001
ProtA34, 0, 0, 0.003, 0.005, 0, 0, 0, 0, 0.002
ProtA35, 0, 0, 0.003, 0.004, 0, 0, 0, 0, 0.002
ProtA36, 0, 0, 0.002, 0.002, 0, 0, 0, 0, 0
ProtA37, 0, 0, 0.001, 0.002, 0, 0, 0, 0, 0.001
ProtA38, 0, 0, 0.002, 0.002, 0, 0, 0, 0, 0.001
ProtA39, 0, 0, 0.004, 0.003, 0, 0, 0, 0, 0.002
ProtA40, 0, 0, 0.001, 0.001, 0, 0, 0, 0, 0
ProtA41, 0, 0, 0.002, 0.002, 0, 0, 0, 0, 0.001
ProtA43, 0, 0, 0.004, 0.003, 0, 0, 0, 0, 0.003
ProtA46, 0, 0, 0.003, 0.003, 0, 0, 0, 0, 0.003
ProtA47, 0, 0, 0.171, 0.003, 0, 0, 0, 0, 0
ProtA48, 0, 0, 0.003, 0.004, 0, 0, 0, 0, 0.003
ProtA49, 0, 0, 0.002, 0.003, 0, 0, 0, 0, 0.002
ProtA5, 0, 0, 0.001, 0.001, 0, 0, 0, 0, 0.001
ProtA50, 0, 0, 0.003, 0.003, 0, 0, 0, 0, 0.002
ProtA51, 0, 0, 0.004, 0.005, 0, 0, 0, 0, 0.004
ProtA52, 0, 0, 0.001, 0.001, 0, 0, 0, 0, 0
ProtA53, 1, 0, 0.002, 0.583, 1, 0, 1, 0.057, 0.944
ProtA54, 0, 0, 0.003, 0.003, 0, 0, 0, 0, 0.002
ProtA56, 0, 0, 0.002, 0.002, 0, 0, 0, 0, 0.001
ProtA58, 0, 0, 0.058, 0.026, 0, 0, 0, 0, 0
ProtA60, 0, 0, 0.039, 0.016, 0, 0, 0, 0, 0.001
ProtA62, 0, 0, 0.005, 0.006, 0, 0, 0, 0, 0
ProtA63, 1, 0, 0.001, 0.022, 1, 0.001, 1, 0.172, 0.829
ProtA64, 0, 0, 0.004, 0.004, 0, 0, 0, 0, 0.004
ProtA66, 0, 0, 0.001, 0.001, 0, 0, 0, 0, 0
ProtA67, 0, 0, 0.002, 0.001, 0, 0, 0, 0, 0.001
ProtA69, 0, 0, 0.001, 0, 0, 0, 0, 0, 0
ProtA7, 0, 0, 0.002, 0.002, 0, 0, 0, 0, 0.002
ProtA70, 0, 0, 0.001, 0.002, 0, 0, 0, 0, 0.001
ProtA71, 0, 0, 0.003, 0.001, 0, 0, 0, 0, 0.001
ProtA72, 0, 0, 0.001, 0.001, 0, 0, 0, 0, 0
ProtA74, 0, 0, 0.002, 0.003, 0, 0, 0, 0, 0.001
ProtA75, 0, 0, 0.003, 0.004, 0, 0, 0, 0, 0.002
ProtA76, 0, 0, 0.004, 0.004, 0, 0, 0, 0, 0.002
ProtA77, 0, 0, 0.001, 0.002, 0, 0, 0, 0, 0.001
ProtA8, 0, 0, 0.001, 0.002, 0, 0, 0, 0, 0
ProtA9, 1, 0, 0.001, 0.248, 1, 0, 1, 0.038, 0.963
ProtG1, 0, 0, 0.096, 0.05, 0, 0, 0, 0, 0.001
ProtG10, 1, 0, 0.227, 0.02, 1, 0, 1, 0.2, 0.805
ProtG11, 0, 0, 0.07, 0.059, 0, 0, 0, 0, 0.003
ProtG12, 1, 0, 0.002, 0.06, 1, 0, 1, 0.381, 0.62
ProtG13, 0, 0, 0.979, 0.014, 0, 0, 0, 0, 0.001
ProtG14, 0, 0, 0.296, 0.024, 0, 0, 0, 0, 0.006
ProtG15, 0, 0, 0.001, 0.001, 0, 0, 0, 0, 0.001
ProtG16, 0, 0, 0.019, 0.009, 0, 0, 0, 0, 0
ProtG17, 0, 0, 0.019, 0.011, 0, 0, 0, 0, 0
ProtG18, 0, 0, 0.003, 0.003, 0, 0, 0, 0, 0.001
ProtG19, 0, 0, 0.001, 0.001, 0, 0, 0, 0, 0.001
ProtG20, 0, 0, 0.01, 0.008, 0, 0, 0, 0, 0.002
ProtG21, 0, 0, 0.002, 0, 0, 0, 0, 0, 0
ProtG22, 1, 0, 0.001, 0.365, 1, 0, 1, 0.245, 0.756
ProtG24, 1, 0, 0.023, 0.406, 1, 0, 1, 0.559, 0.442
ProtG25, 0, 0, 0.011, 0.006, 0, 0, 0, 0, 0.002
ProtG26, 0, 0, 0.006, 0.006, 0, 0, 0, 0, 0.002
ProtG27, 0, 0, 0.008, 0.003, 0, 0, 0, 0, 0
ProtG28, 0, 0, 0.041, 0.032, 0, 0, 0, 0, 0.001
ProtG29, 0, 0, 0.004, 0.005, 0, 0, 0, 0, 0.002
ProtG3, 0, 0, 0.002, 0.002, 0, 0, 0, 0, 0.001
ProtG30, 0, 0, 0.002, 0.003, 0, 0, 0, 0, 0.002
ProtG31, 0, 0, 0.09, 0.045, 0, 0, 0, 0, 0
ProtG32, 0, 0, 0.007, 0.005, 0, 0, 0, 0, 0.003
ProtG33, 1, 0, 0.017, 0.292, 1, 0, 1, 0.266, 0.736
ProtG34, 0, 0, 0.448, 0.109, 0, 0, 0, 0, 0.002
ProtG35, 0, 0, 0.037, 0.03, 0, 0, 0, 0, 0.004
ProtG36, 0, 0, 0.008, 0.004, 0, 0, 0, 0, 0
ProtG37, 0, 0, 0.001, 0.001, 0, 0, 0, 0, 0.001
ProtG38, 0, 0, 0.006, 0.003, 0, 0, 0, 0, 0.002
ProtG39, 0, 0, 0.001, 0.001, 0, 0, 0, 0, 0.001
ProtG4, 0, 0, 0.014, 0.01, 0, 0, 0, 0, 0.006
ProtG40, 0, 0, 0.003, 0.003, 0, 0, 0, 0, 0.002
ProtG41, 0, 0, 0.001, 0, 0, 0, 0, 0, 0
ProtG42, 0, 0, 0.033, 0.03, 0, 0, 0, 0, 0.001
ProtG43, 0, 0, 0.003, 0.004, 0, 0, 0, 0, 0.001
ProtG44, 0, 0, 0.245, 0.079, 0, 0, 0, 0, 0
ProtG45, 0, 0, 0.02, 0.015, 0, 0, 0, 0, 0.004
ProtG46, 0, 0, 0.005, 0.006, 0, 0, 0, 0, 0.001
ProtG47, 1, 0, 0.002, 0.341, 1, 0, 1, 0.478, 0.522
ProtG48, 0, 0, 0.013, 0.006, 0, 0, 0, 0, 0.001
ProtG49, 0, 0, 0.017, 0.012, 0, 0, 0, 0, 0.002
ProtG5, 0, 0, 0.387, 0.019, 0, 0, 0, 0, 0.005
ProtG50, 1, 0, 0.006, 0.907, 1, 0, 1, 0.994, 0.008
ProtG51, 0, 0, 0.001, 0.001, 0, 0, 0, 0, 0.001
ProtG52, 0, 0, 0.971, 0.027, 0, 0, 0, 0, 0.001
ProtG53, 0, 0, 0.004, 0.002, 0, 0, 0, 0, 0.001
ProtG54, 0, 0, 0.033, 0.033, 0, 0, 0, 0, 0.002
ProtG55, 0, 0, 0.003, 0.001, 0, 0, 0, 0, 0.001
ProtG56, 1, 0, 0.022, 0.017, 1, 0, 1, 0.971, 0.032
ProtG57, 0, 0, 0.939, 0.085, 0, 0, 0, 0, 0.003
ProtG58, 0, 0, 0.959, 0.231, 0, 0, 0, 0, 0
ProtG59, 0, 0, 0.972, 0.24, 0, 0, 0, 0, 0.001
ProtG6, 0, 0, 0.016, 0.015, 0, 0, 0, 0, 0.004
ProtG60, 0, 0, 0.006, 0.006, 0, 0, 0, 0, 0.001
ProtG61, 0, 0, 0.007, 0.004, 0, 0, 0, 0, 0.002
ProtG62, 0, 0, 0.018, 0.011, 0, 0, 0, 0, 0.001
ProtG63, 1, 0, 0.405, 0.456, 1, 0, 1, 0.661, 0.341
ProtG64, 0, 0, 0.005, 0.006, 0, 0, 0, 0, 0.001
ProtG65, 0, 0, 0.009, 0.002, 0, 0, 0, 0, 0
ProtG66, 0, 0, 0.018, 0.013, 0, 0, 0, 0, 0.001
ProtG67, 1, 0, 0.143, 0.616, 1, 0, 1, 0.922, 0.079
ProtG68, 0, 0, 0.017, 0.01, 0, 0, 0, 0, 0
ProtG69, 0, 0, 0.009, 0.007, 0, 0, 0, 0, 0
ProtG7, 0, 0, 0.281, 0.113, 0, 0, 0, 0, 0
ProtG70, 0, 0, 0.004, 0.003, 0, 0, 0, 0, 0.001
ProtG71, 0, 0, 0.183, 0.018, 0, 0, 0, 0, 0.003
ProtG72, 0, 0, 0.045, 0.027, 0, 0, 0, 0, 0.002
ProtG73, 1, 0, 0.004, 0.251, 1, 0, 1, 0.968, 0.033
ProtG74, 0, 0, 0.036, 0.033, 0, 0, 0, 0, 0.004
ProtG75, 0, 0, 0.018, 0.013, 0, 0, 0, 0, 0.002
ProtG76, 0, 0, 0.003, 0.001, 0, 0, 0, 0, 0.001
ProtG77, 0, 0, 0.018, 0.009, 0, 0, 0, 0, 0.001
ProtG78, 0, 0, 0.01, 0.004, 0, 0, 0, 0, 0.001
ProtG79, 0, 0, 0.007, 0.005, 0, 0, 0, 0, 0.001
ProtG8, 0, 0, 0.011, 0.009, 0, 0, 0, 0, 0
ProtG80, 1, 0, 0.002, 0.077, 1, 0, 1, 0.935, 0.066
ProtG81, 0, 0, 0.008, 0.006, 0, 0, 0, 0, 0.002
ProtG82, 1, 0, 0.002, 0.276, 1, 0, 1, 0.237, 0.764
ProtG83, 1, 0, 0.004, 0.016, 1, 0, 1, 0.968, 0.034
ProtG84, 0, 0, 0.068, 0.052, 0, 0, 0, 0, 0.001
ProtG85, 0, 0, 0.005, 0.003, 0, 0, 0, 0, 0.001
ProtG86, 0, 0, 0.239, 0.045, 0, 0, 0, 0, 0.001
ProtG87, 0, 0, 0.002, 0.001, 0, 0, 0, 0, 0.001
ProtG88, 0, 0, 0.962, 0.006, 0, 0, 0, 0, 0.002
ProtG89, 1, 0, 0.002, 0.02, 1, 0, 1, 0.977, 0.024
ProtG9, 0, 0, 0.01, 0.01, 0, 0, 0, 0, 0.001
ProtG90, 0, 0, 0.031, 0.016, 0, 0, 0, 0, 0
ProtG91, 0, 0, 0.004, 0.002, 0, 0, 0, 0, 0
ProtM1, 0, 0, 0.002, 0.002, 0, 0, 0, 0, 0.002
ProtM3, 0, 0, 0.002, 0.001, 0, 0, 0, 0, 0.001
ProtZ2, 0, 0, 0.002, 0.001, 0, 0, 0, 0, 0
ProtZ5, 0, 0, 0.014, 0.007, 0, 0, 0, 0, 0.004
RBG1, 0, 0, 0.001, 0.001, 0, 0, 0, 0, 0.001
Rifl1, 0, 0, 0.001, 0.001, 0, 0, 0, 0, 0.001
SAR3X1, 0, 0, 0.001, 0.001, 0, 0, 0, 0, 0.001
SAR3X2, 0, 0, 0.006, 0.007, 0, 0, 0, 0, 0.006
SLNR1, 0, 0, 0.004, 0.006, 0, 0, 0, 0, 0.004
SM23X1, 0, 0, 0.003, 0.002, 0, 0, 0, 0, 0.002
SZUA2, 0, 0, 0.001, 0.001, 0, 0, 0, 0, 0.001
Sche1, 0, 0, 0.004, 0.005, 0, 0, 0, 0, 0.004
Spir10, 0, 0, 0.004, 0.006, 0, 0, 0, 0, 0.004
Spir11, 0, 0, 0.004, 0.004, 0, 0, 0, 0, 0.004
Spir12, 0, 0, 0.003, 0.004, 0, 0, 0, 0, 0.003
Spir15, 0, 0, 0.001, 0.004, 0, 0, 0, 0, 0.001
Spir4, 0, 0, 0.001, 0.002, 0, 0, 0, 0, 0.001
Spir8, 0, 0, 0.003, 0.003, 0, 0, 0, 0, 0.003
Sume1, 0, 0, 0.001, 0.001, 0, 0, 0, 0, 0.001
Syne1, 0, 0, 0.004, 0.006, 0, 0, 0, 0, 0.003
Syne10, 0, 0, 0.004, 0.003, 0, 0, 0, 0, 0.003
Syne2, 0, 0, 0.002, 0.001, 0, 0, 0, 0, 0
Syne3, 0, 0, 0.004, 0.003, 0, 0, 0, 0, 0.003
Syne4, 0, 0, 0.001, 0.002, 0, 0, 0, 0, 0.001
Syne6, 0, 0, 0.007, 0.009, 0, 0, 0, 0, 0.006
Syne7, 0, 0, 0.001, 0.001, 0, 0, 0, 0, 0
Syne8, 0, 0, 0.003, 0.003, 0, 0, 0, 0, 0.002
Syne9, 0, 0, 0.002, 0.002, 0, 0, 0, 0, 0.002
Therd1, 0, 0, 0.002, 0.002, 0, 0, 0, 0, 0.002
Therg2, 0, 0, 0.001, 0, 0, 0, 0, 0, 0
Therg4, 0, 0, 0.002, 0.002, 0, 0, 0, 0, 0.001
Therg5, 0, 0, 0.004, 0.005, 0, 0, 0, 0, 0.004
Therg6, 0, 0, 0.002, 0.002, 0, 0, 0, 0, 0.002
Therg8, 0, 0, 0.001, 0.002, 0, 0, 0, 0, 0.001
Thers1, 0, 0, 0.003, 0.003, 0, 0, 0, 0, 0.003
UBA1X1, 0, 0, 0.003, 0.003, 0, 0, 0, 0, 0.002
UBA1X2, 0, 0, 0.002, 0.002, 0, 0, 0, 0, 0.002
UBA1X3, 0, 0, 0.004, 0.005, 0, 0, 0, 0, 0.004
UBA1X5, 0, 0, 0.001, 0.001, 0, 0, 0, 0, 0.001
UBA1X6, 0, 0, 0.003, 0.003, 0, 0, 0, 0, 0.002
UBA2X1, 0, 0, 0.005, 0.005, 0, 0, 0, 0, 0.005
UBA6X1, 0, 0, 0.001, 0.001, 0, 0, 0, 0, 0.001
UBA9X1, 0, 0, 0.005, 0.006, 0, 0, 0, 0, 0.005
UBA9X2, 0, 0, 0.003, 0.003, 0, 0, 0, 0, 0.003
UBA9X3, 0, 0, 0.002, 0.003, 0, 0, 0, 0, 0.002
UBP13X1, 0, 0, 0.002, 0.003, 0, 0, 0, 0, 0.002
UBP14X1, 0, 0, 0.004, 0.005, 0, 0, 0, 0, 0.004
UBP4X1, 0, 0, 0.001, 0.003, 0, 0, 0, 0, 0.001
UBP6X1, 0, 0, 0.002, 0.002, 0, 0, 0, 0, 0.002
Verr10, 1, 0, 0.003, 0.512, 1, 0, 1, 0.121, 0.881
Verr11, 0, 0, 0.947, 0.012, 0, 0, 0, 0, 0.004
Verr12, 1, 0, 0.001, 0.031, 1, 0, 1, 0.943, 0.058
Verr13, 0, 0, 0.052, 0.009, 0, 0, 0, 0, 0.002
Verr14, 1, 0, 0.004, 0.038, 1, 0, 1, 0.927, 0.076
Verr2, 1, 0, 0.016, 0.888, 1, 0, 1, 0.963, 0.038
Verr3, 0, 0, 0.122, 0.033, 0, 0, 0, 0, 0
Verr4, 0, 0, 0.022, 0.007, 0, 0, 0, 0, 0.004
Verr5, 0, 0, 0.001, 0.004, 0, 0, 0, 0, 0.001
Verr6, 0, 0, 0.003, 0.004, 0, 0, 0, 0, 0.003
Verr7, 1, 0, 0.008, 0.261, 1, 0, 1, 0.97, 0.03
Verr8, 0, 0, 0.022, 0.005, 0, 0, 0, 0, 0.003
Verr9, 0, 0, 0.07, 0.014, 0, 0, 0, 0, 0.003
WOR1, 0, 0, 0.003, 0.004, 0, 0, 0, 0, 0.003
WOR2, 0, 0, 0.002, 0.002, 0, 0, 0, 0, 0.002
WOR3, 0, 0, 0.002, 0.004, 0, 0, 0, 0, 0.002
WOR6, 0, 0, 0.001, 0.001, 0, 0, 0, 0, 0.001
WOR7, 0, 0, 0.001, 0.001, 0, 0, 0, 0, 0.001
Wall1, 0, 0, 0.001, 0.001, 0, 0, 0, 0, 0.001
Zixi1, 0, 0, 0.001, 0.003, 0, 0, 0, 0, 0.001
Zixi2, 0, 0, 0.001, 0.001, 0, 0, 0, 0, 0.001
chloroArabidopsis, 0, 0, 0.001, 0.001, 0, 0, 0, 0, 0.001
chloroBryophyte, 0, 0, 0.004, 0.004, 0, 0, 0, 0, 0.001
chloroChlorophyta, 0, 0, 0.006, 0.004, 0, 0, 0, 0, 0.003
chloroLycophyte, 0, 0, 0.001, 0.002, 0, 0, 0, 0, 0.001
chloroRedAlgae, 0, 0, 0.001, 0, 0, 0, 0, 0, 0
mitoChelicerate, 0, 0, 0.001, 0.001, 0, 0, 0, 0, 0.001
mitoExcavata, 0, 0, 0.001, 0.001, 0, 0, 0, 0, 0.001
mitoFungi, 0, 0, 0.001, 0.001, 0, 0, 0, 0, 0.001
mitoInsect, 0, 0, 0.002, 0.005, 0, 0, 0, 0, 0.002
mitoMollusc, 0, 0, 0.003, 0.004, 0, 0, 0, 0, 0.003
mitoParamecium, 0, 0, 0.002, 0.002, 0, 0, 0, 0, 0.001
mitoPriapulid, 0, 0, 0.004, 0.004, 0, 0, 0, 0, 0.004
mitoRedAlgae, 0, 0, 0.002, 0.003, 0, 0, 0, 0, 0.002
