species_label, speciations, duplications, losses, transfers, presence, origination, copies, singletons, transfers_to
AABM5X1, 0, 0, 0.001, 0.001, 0, 0, 0, 0, 0.001
AABM5X2, 0, 0, 0.001, 0.001, 0, 0, 0, 0, 0.001
AABM5X3, 0, 0, 0.002, 0.001, 0, 0, 0, 0, 0.001
Abys1, 0, 0, 0.002, 0.004, 0, 0, 0, 0, 0.002
Acid1, 0, 0, 0.004, 0.004, 0, 0, 0, 0, 0.003
Acid10, 0, 0, 0.002, 0.003, 0, 0, 0, 0, 0.002
Acid11, 0, 0, 0.002, 0.002, 0, 0, 0, 0, 0.002
Acid12, 0, 0, 0.001, 0.002, 0, 0, 0, 0, 0.001
Acid13, 0, 0, 0.001, 0.001, 0, 0, 0, 0, 0.001
Acid14, 0, 0, 0.001, 0.001, 0, 0, 0, 0, 0.001
Acid16, 0, 0, 0.003, 0.003, 0, 0, 0, 0, 0.003
Acid17, 0, 0, 0.002, 0.003, 0, 0, 0, 0, 0.001
Acid18, 0, 0, 0.001, 0.002, 0, 0, 0, 0, 0.001
Acid2, 0, 0, 0.002, 0.002, 0, 0, 0, 0, 0.002
Acid20, 0, 0, 0.001, 0.001, 0, 0, 0, 0, 0.001
Acid21, 0, 0, 0.003, 0.004, 0, 0, 0, 0, 0.003
Acid22, 0, 0, 0.002, 0.002, 0, 0, 0, 0, 0.002
Acid23, 0, 0, 0.002, 0.002, 0, 0, 0, 0, 0.002
Acid24, 0, 0, 0.001, 0.001, 0, 0, 0, 0, 0.001
Acid25, 0, 0, 0.001, 0.001, 0, 0, 0, 0, 0.001
Acid26, 0, 0, 0.001, 0.001, 0, 0, 0, 0, 0.001
Acid27, 0, 0, 0.001, 0.001, 0, 0, 0, 0, 0.001
Acid29, 0, 0, 0.003, 0.003, 0, 0, 0, 0, 0.003
Acid31, 0, 0, 0.001, 0.001, 0, 0, 0, 0, 0.001
Acid33, 0, 0, 0.003, 0.003, 0, 0, 0, 0, 0.002
Acid34, 0, 0, 0.002, 0.002, 0, 0, 0, 0, 0.002
Acid35, 0, 0, 0.001, 0.001, 0, 0, 0, 0, 0
Acid36, 0, 0, 0.001, 0.003, 0, 0, 0, 0, 0.001
Acid38, 0, 0, 0.002, 0.002, 0, 0, 0, 0, 0.002
Acid39, 0, 0, 0.001, 0.001, 0, 0, 0, 0, 0
Acid5, 0, 0, 0.002, 0.003, 0, 0, 0, 0, 0.002
Acid7, 0, 0, 0.003, 0.004, 0, 0, 0, 0, 0.003
Acid8, 0, 0, 0.002, 0.002, 0, 0.001, 0, 0, 0.001
Acid9, 0, 0, 0.001, 0.001, 0, 0, 0, 0, 0.001
Acti10, 0, 0, 0.001, 0.001, 0, 0, 0, 0, 0.001
Acti11, 0, 0, 0.002, 0.003, 0, 0, 0, 0, 0.002
Acti12, 0, 0, 0.001, 0.003, 0, 0, 0, 0, 0.001
Acti13, 0, 0, 0.002, 0.002, 0, 0, 0, 0, 0.002
Acti14, 0, 0, 0.003, 0.002, 0, 0, 0, 0, 0.002
Acti15, 0, 0, 0.716, 0.003, 0, 0, 0, 0, 0.001
Acti16, 0, 0, 0.001, 0.001, 0, 0, 0, 0, 0.001
Acti19, 0, 0, 0.003, 0.003, 0, 0, 0, 0, 0.003
Acti2, 0, 0, 0.003, 0.003, 0, 0, 0, 0, 0.003
Acti21, 0, 0, 0.002, 0.002, 0, 0, 0, 0, 0.002
Acti22, 0, 0, 0.003, 0.003, 0, 0, 0, 0, 0.003
Acti24, 0, 0, 0.002, 0.003, 0, 0, 0, 0, 0.002
Acti25, 0, 0, 0.001, 0.002, 0, 0, 0, 0, 0.001
Acti26, 0, 0, 0.001, 0.002, 0, 0, 0, 0, 0.001
Acti27, 0, 0, 0.005, 0.008, 0, 0, 0, 0, 0.004
Acti28, 0, 0, 0.002, 0.002, 0, 0, 0, 0, 0.002
Acti29, 0, 0, 0.002, 0.002, 0, 0, 0, 0, 0.002
Acti30, 0, 0, 0.001, 0.002, 0, 0, 0, 0, 0.001
Acti31, 0, 0, 0.002, 0.002, 0, 0, 0, 0, 0.002
Acti32, 0, 0, 0.001, 0, 0, 0, 0, 0, 0
Acti33, 0, 0, 0.001, 0, 0, 0, 0, 0, 0
Acti34, 0, 0, 0.002, 0.003, 0, 0, 0, 0, 0.002
Acti35, 0, 0, 0.002, 0.002, 0, 0, 0, 0, 0.001
Acti36, 0, 0, 0.002, 0.003, 0, 0, 0, 0, 0.002
Acti37, 0, 0, 0.002, 0.002, 0, 0, 0, 0, 0.002
Acti38, 1, 0, 0.002, 0.141, 1, 0, 1, 0.757, 0.243
Acti39, 0, 0, 0.001, 0.002, 0, 0, 0, 0, 0.001
Acti4, 0, 0, 0.003, 0.004, 0, 0, 0, 0, 0.003
Acti40, 1, 0, 0.002, 0.107, 1, 0, 1, 0.716, 0.284
Acti42, 0, 0, 0.006, 0.006, 0, 0.001, 0, 0, 0.003
Acti43, 0, 0, 0.001, 0.001, 0, 0, 0, 0, 0.001
Acti44, 0, 0, 0.003, 0.002, 0, 0, 0, 0, 0.002
Acti46, 0, 0, 0.001, 0.001, 0, 0, 0, 0, 0.001
Acti47, 0, 0, 0.001, 0.001, 0, 0, 0, 0, 0.001
Acti48, 0, 0, 0.002, 0.002, 0, 0, 0, 0, 0
Acti49, 0, 0, 0.001, 0.001, 0, 0, 0, 0, 0
Acti5, 0, 0, 0.003, 0.004, 0, 0, 0, 0, 0.003
Acti50, 0, 0, 0.001, 0.001, 0, 0, 0, 0, 0.001
Acti51, 0, 0, 0.003, 0.002, 0, 0, 0, 0, 0.002
Acti52, 0, 0, 0.002, 0.002, 0, 0, 0, 0, 0.001
Acti6, 0, 0, 0.001, 0.001, 0, 0, 0, 0, 0
Acti7, 0, 0, 0.002, 0.002, 0, 0, 0, 0, 0.002
Acti8, 0, 0, 0.002, 0.002, 0, 0, 0, 0, 0.002
Acti9, 0, 0, 0.001, 0.001, 0, 0, 0, 0, 0.001
Aero1, 0, 0, 0.001, 0.001, 0, 0, 0, 0, 0.001
Aqui1, 0, 0, 0.001, 0.001, 0, 0, 0, 0, 0.001
Aqui3, 0, 0, 0.001, 0.001, 0, 0, 0, 0, 0.001
Aqui4, 0, 0, 0.002, 0.001, 0, 0, 0, 0, 0.001
Aqui6, 0, 0, 0.001, 0.001, 0, 0, 0, 0, 0
Arma11, 0, 0, 0.002, 0.002, 0, 0, 0, 0, 0.002
Arma13, 0, 0, 0.001, 0.001, 0, 0, 0, 0, 0.001
Arma14, 0, 0, 0.001, 0.001, 0, 0, 0, 0, 0.001
Arma15, 0, 0, 0.001, 0.001, 0, 0, 0, 0, 0.001
Arma3, 0, 0, 0.003, 0.003, 0, 0, 0, 0, 0.003
Arma4, 0, 0, 0.002, 0.002, 0, 0, 0, 0, 0.002
Arma6, 0, 0, 0.002, 0.003, 0, 0, 0, 0, 0.002
Arma7, 0, 0, 0.003, 0.003, 0, 0, 0, 0, 0.003
Arma9, 0, 0, 0.003, 0.004, 0, 0, 0, 0, 0.003
Aure1, 0, 0, 0.005, 0.005, 0, 0, 0, 0, 0.005
Aure2, 0, 0, 0.005, 0.007, 0, 0, 0, 0, 0.005
Aure3, 0, 0, 0.006, 0.004, 0, 0, 0, 0, 0.004
Bact10, 0, 0, 0.003, 0.003, 0, 0, 0, 0, 0.003
Bact12, 0, 0, 0.002, 0.002, 0, 0, 0, 0, 0.002
Bact13, 0, 0, 0.003, 0.003, 0, 0, 0, 0, 0.003
Bact16, 0, 0, 0.001, 0, 0, 0, 0, 0, 0
Bact17, 0, 0, 0.003, 0.002, 0, 0, 0, 0, 0.002
Bact19, 0, 0, 0.025, 0.006, 0, 0, 0, 0, 0.002
Bact2, 0, 0, 0.002, 0.002, 0, 0, 0, 0, 0.002
Bact20, 0, 0, 0.002, 0.002, 0, 0, 0, 0, 0.002
Bact21, 0, 0, 0.172, 0.014, 0, 0, 0, 0, 0.002
Bact22, 0, 0, 0.002, 0.003, 0, 0, 0, 0, 0.001
Bact23, 0, 0, 0.001, 0.001, 0, 0, 0, 0, 0.001
Bact24, 0, 0, 0.003, 0.004, 0, 0, 0, 0, 0.003
Bact25, 0, 0, 0.001, 0.002, 0, 0, 0, 0, 0.001
Bact27, 1, 0, 0.011, 0.7, 1, 0, 1, 0.966, 0.034
Bact28, 0, 0, 0.003, 0.003, 0, 0, 0, 0, 0.003
Bact29, 1, 0, 0.002, 0.002, 1, 0, 1, 1, 0.001
Bact30, 0, 0, 0.001, 0.001, 0, 0, 0, 0, 0
Bact32, 0, 0, 0.003, 0.003, 0, 0, 0, 0, 0.002
Bact33, 0, 0, 0.001, 0.001, 0, 0, 0, 0, 0.001
Bact34, 0, 0, 0.004, 0.003, 0, 0, 0, 0, 0.001
Bact35, 0, 0, 0.261, 0.061, 0, 0, 0, 0, 0.001
Bact36, 0, 0, 0.002, 0.001, 0, 0, 0, 0, 0
Bact37, 0, 0, 0.001, 0.001, 0, 0, 0, 0, 0.001
Bact39, 0, 0, 0.003, 0.003, 0, 0, 0, 0, 0.003
Bact4, 0, 0, 0.003, 0.003, 0, 0, 0, 0, 0.003
Bact40, 1, 0, 0.009, 0.03, 1, 0, 1, 0.994, 0.006
Bact41, 1, 0, 0.005, 0.006, 1, 0, 1, 0.998, 0.002
Bact42, 0, 0, 0.002, 0.002, 0, 0, 0, 0, 0.002
Bact43, 0, 0, 0.004, 0.003, 0, 0, 0, 0, 0.002
Bact44, 0, 0, 0.005, 0.003, 0, 0, 0, 0, 0.001
Bact5, 0, 0, 0.001, 0.001, 0, 0, 0, 0, 0
Bact7, 0, 0, 0.002, 0.001, 0, 0, 0, 0, 0.001
Bact8, 0, 0, 0.002, 0.002, 0, 0, 0, 0, 0.001
Bact9, 1, 0, 0.003, 0.001, 1, 0, 1, 0.999, 0.002
Bdell10, 0, 0, 0.006, 0.007, 0, 0, 0, 0, 0.006
Bdell11, 0, 0, 0.003, 0.003, 0, 0, 0, 0, 0.003
Bdell12, 0, 0, 0.003, 0.003, 0, 0, 0, 0, 0.002
Bdell15, 0, 0, 0.002, 0.001, 0, 0, 0, 0, 0
Bdell16, 0, 0, 0.002, 0.002, 0, 0, 0, 0, 0.002
Bdell17, 0, 0, 0.002, 0.002, 0, 0, 0, 0, 0.002
Bdell2, 0, 0, 0.003, 0.003, 0, 0, 0, 0, 0.003
Bdell3, 0, 0, 0.003, 0.003, 0, 0, 0, 0, 0.002
Bdell4, 0, 0, 0.002, 0.002, 0, 0, 0, 0, 0.002
Bdell5, 0, 0, 0.001, 0.002, 0, 0, 0, 0, 0.001
Bdell6, 0, 0, 0.002, 0.003, 0, 0, 0, 0, 0.002
Bdell7, 0, 0, 0.001, 0.001, 0, 0, 0, 0, 0.001
Bdell9, 0, 0, 0.003, 0.002, 0, 0, 0, 0, 0.001
BdellC1, 0, 0, 0.003, 0.003, 0, 0, 0, 0, 0.003
BdellC2, 0, 0, 0.002, 0.002, 0, 0, 0, 0, 0.002
Bipo1, 0, 0, 0.005, 0.005, 0, 0, 0, 0, 0.005
Bipo2, 0, 0, 0.002, 0.003, 0, 0, 0, 0, 0.002
CG267X1, 0, 0, 0.004, 0.004, 0, 0, 0, 0, 0.004
CG294X1, 0, 0, 0.003, 0.003, 0, 0, 0, 0, 0.003
CSP1X1, 0, 0, 0.001, 0.001, 0, 0, 0, 0, 0.001
Calda1, 0, 0, 0.002, 0.002, 0, 0, 0, 0, 0.002
Calda2, 0, 0, 0.002, 0.002, 0, 0, 0, 0, 0.002
Caldit1, 0, 0, 0.001, 0.001, 0, 0, 0, 0, 0.001
Caldit2, 0, 0, 0.005, 0.005, 0, 0, 0, 0, 0.005
Camp1, 0, 0, 0.002, 0.002, 0, 0, 0, 0, 0.002
Camp11, 0, 0, 0.001, 0.001, 0, 0, 0, 0, 0.001
Camp12, 0, 0, 0.004, 0.005, 0, 0, 0, 0, 0.003
Camp13, 0, 0, 0.004, 0.005, 0, 0, 0, 0, 0.001
Camp14, 0, 0, 0.001, 0.001, 0, 0, 0, 0, 0.001
Camp15, 0, 0, 0.001, 0.001, 0, 0, 0, 0, 0.001
Camp16, 0, 0, 0.003, 0.005, 0, 0, 0, 0, 0.002
Camp2, 0, 0, 0.003, 0, 0, 0, 0, 0, 0
Camp3, 0, 0, 0.001, 0.001, 0, 0, 0, 0, 0.001
Camp4, 0, 0, 0.003, 0.002, 0, 0, 0, 0, 0.002
Camp6, 0, 0, 0.002, 0.002, 0, 0, 0, 0, 0.001
Camp7, 0, 0, 0.002, 0.002, 0, 0, 0, 0, 0.001
Camp9, 0, 0, 0.003, 0.002, 0, 0, 0, 0, 0.002
Chlo10, 0, 0, 0.002, 0.001, 0, 0, 0, 0, 0
Chlo11, 0, 0, 0.001, 0.001, 0, 0, 0, 0, 0.001
Chlo12, 0, 0, 0.006, 0.005, 0, 0, 0, 0, 0.004
Chlo13, 0, 0, 0.001, 0.001, 0, 0, 0, 0, 0
Chlo14, 0, 0, 0.002, 0.002, 0, 0, 0, 0, 0.002
Chlo16, 0, 0, 0.003, 0.004, 0, 0, 0, 0, 0.003
Chlo17, 0, 0, 0.004, 0.003, 0, 0, 0, 0, 0.003
Chlo18, 0, 0, 0.003, 0.004, 0, 0, 0, 0, 0.002
Chlo19, 0, 0, 0.001, 0.001, 0, 0, 0, 0, 0.001
Chlo20, 0, 0, 0.003, 0.004, 0, 0, 0, 0, 0.002
Chlo21, 0, 0, 0.002, 0.003, 0, 0, 0, 0, 0.002
Chlo22, 0, 0, 0.002, 0.001, 0, 0, 0, 0, 0.001
Chlo23, 0, 0, 0.001, 0.001, 0, 0, 0, 0, 0.001
Chlo24, 0, 0, 0.003, 0.002, 0, 0, 0, 0, 0.001
Chlo26, 0, 0, 0.001, 0.001, 0, 0, 0, 0, 0.001
Chlo27, 0, 0, 0.001, 0.002, 0, 0, 0, 0, 0.001
Chlo28, 0, 0, 0.002, 0.003, 0, 0, 0, 0, 0.002
Chlo30, 0, 0, 0.003, 0.002, 0, 0, 0, 0, 0.001
Chlo32, 0, 0, 0.002, 0.003, 0, 0, 0, 0, 0.002
Chlo33, 0, 0, 0.003, 0.003, 0, 0, 0, 0, 0.003
Chlo37, 0, 0, 0.003, 0.003, 0, 0, 0, 0, 0.001
Chlo38, 0, 0, 0.003, 0.003, 0, 0, 0, 0, 0.003
Chlo4, 0, 0, 0.003, 0.005, 0, 0, 0, 0, 0.003
Chlo40, 0, 0, 0.001, 0.001, 0, 0, 0, 0, 0.001
Chlo42, 0, 0, 0.001, 0.001, 0, 0, 0, 0, 0.001
Chlo43, 0, 0, 0.001, 0.001, 0, 0, 0, 0, 0.001
Chlo44, 0, 0, 0.003, 0.003, 0, 0, 0, 0, 0.002
Chlo45, 0, 0, 0.002, 0.003, 0, 0, 0, 0, 0.001
Chlo46, 0, 0, 0.002, 0.001, 0, 0, 0, 0, 0.001
Chlo48, 0, 0, 0.005, 0.005, 0, 0, 0, 0, 0.003
Chlo5, 0, 0, 0.001, 0.002, 0, 0, 0, 0, 0.001
Chlo6, 0, 0, 0.003, 0.002, 0, 0, 0, 0, 0.002
Chlo7, 0, 0, 0.001, 0.001, 0, 0, 0, 0, 0.001
Chlo8, 0, 0, 0.002, 0.002, 0, 0, 0, 0, 0.002
Chlo9, 0, 0, 0.001, 0.001, 0, 0, 0, 0, 0.001
Chry1, 0, 0, 0.004, 0.005, 0, 0, 0, 0, 0.004
Cloa1, 0, 0, 0.003, 0.004, 0, 0, 0, 0, 0.003
Cyan1, 0, 0, 0.004, 0.003, 0, 0, 0, 0, 0.003
Cyan10, 0, 0, 0.002, 0.002, 0, 0, 0, 0, 0.002
Cyan11, 0, 0, 0.003, 0.003, 0, 0, 0, 0, 0.002
Cyan12, 0, 0, 0.005, 0.004, 0, 0, 0, 0, 0.001
Cyan13, 0, 0, 0.002, 0.001, 0, 0, 0, 0, 0
Cyan14, 0, 0, 0.004, 0.004, 0, 0, 0, 0, 0.002
Cyan15, 0, 0, 0.005, 0.004, 0, 0, 0, 0, 0.003
Cyan18, 0, 0, 0.004, 0.004, 0, 0, 0, 0, 0.002
Cyan19, 0, 0, 0.001, 0.001, 0, 0, 0, 0, 0.001
Cyan2, 0, 0, 0.002, 0.002, 0, 0, 0, 0, 0.001
Cyan20, 0, 0, 0.001, 0.001, 0, 0, 0, 0, 0.001
Cyan21, 0, 0, 0.001, 0, 0, 0, 0, 0, 0
Cyan22, 0, 0, 0.003, 0.003, 0, 0, 0, 0, 0.003
Cyan23, 0, 0, 0.001, 0.001, 0, 0, 0, 0, 0.001
Cyan25, 0, 0, 0.001, 0, 0, 0, 0, 0, 0
Cyan26, 0, 0, 0.001, 0, 0, 0, 0, 0, 0
Cyan28, 0, 0, 0.001, 0.001, 0, 0, 0, 0, 0.001
Cyan3, 0, 0, 0.001, 0.001, 0, 0, 0, 0, 0.001
Cyan31, 0, 0, 0.001, 0.001, 0, 0, 0, 0, 0.001
Cyan32, 0, 0, 0.004, 0.005, 0, 0, 0, 0, 0.004
Cyan33, 0, 0, 0.002, 0.002, 0, 0, 0, 0, 0.001
Cyan34, 0, 0, 0.001, 0.002, 0, 0, 0, 0, 0.001
Cyan35, 0, 0, 0.004, 0.005, 0, 0, 0, 0, 0.004
Cyan36, 0, 0, 0.003, 0.004, 0, 0, 0, 0, 0.002
Cyan37, 0, 0, 0.001, 0.001, 0, 0, 0, 0, 0.001
Cyan38, 0, 0, 0.001, 0.001, 0, 0, 0, 0, 0.001
Cyan4, 0, 0, 0.002, 0.002, 0, 0, 0, 0, 0.002
Cyan40, 0, 0, 0.001, 0.001, 0, 0, 0, 0, 0.001
Cyan41, 0, 0, 0.005, 0.004, 0, 0, 0, 0, 0.003
Cyan42, 0, 0, 0.001, 0.001, 0, 0, 0, 0, 0.001
Cyan44, 0, 0, 0.001, 0.001, 0, 0, 0, 0, 0.001
Cyan45, 0, 0, 0.001, 0.001, 0, 0, 0, 0, 0.001
Cyan47, 0, 0, 0.001, 0.001, 0, 0, 0, 0, 0.001
Cyan7, 0, 0, 0.001, 0.001, 0, 0, 0, 0, 0.001
Cyan8, 0, 0, 0.001, 0.001, 0, 0, 0, 0, 0.001
DTU0X1, 0, 0, 0.005, 0.006, 0, 0, 0, 0, 0.005
Defe1, 0, 0, 0.002, 0.002, 0, 0, 0, 0, 0.002
Defe2, 0, 0, 0.001, 0.001, 0, 0, 0, 0, 0.001
Dein2, 0, 0, 0.001, 0.001, 0, 0, 0, 0, 0.001
Dein3, 0, 0, 0.002, 0.002, 0, 0, 0, 0, 0.001
Dein4, 0, 0, 0.001, 0.001, 0, 0, 0, 0, 0.001
Dein6, 0, 0, 0.001, 0.001, 0, 0, 0, 0, 0.001
Dein7, 0, 0, 0.002, 0.001, 0, 0, 0, 0, 0.001
Desa1, 0, 0, 0.005, 0.005, 0, 0, 0, 0, 0.005
DesuB1, 0, 0, 0.001, 0, 0, 0, 0, 0, 0
DesuB2, 0, 0, 0.001, 0.001, 0, 0, 0, 0, 0
DesuB3, 0, 0, 0.002, 0.001, 0, 0, 0, 0, 0.001
DesuB4, 0, 0, 0.002, 0.002, 0, 0, 0, 0, 0.001
DesuC1, 0, 0, 0.001, 0.001, 0, 0, 0, 0, 0.001
DesuD1, 0, 0, 0.002, 0.002, 0, 0, 0, 0, 0.002
DesuD2, 0, 0, 0.001, 0.001, 0, 0, 0, 0, 0.001
Desua1, 0, 0, 0.002, 0.002, 0, 0, 0, 0, 0.002
Desua10, 0, 0, 0.001, 0.001, 0, 0, 0, 0, 0.001
Desua13, 0, 0, 0.004, 0.004, 0, 0, 0, 0, 0.004
Desua14, 0, 0, 0.002, 0.002, 0, 0, 0, 0, 0.001
Desua15, 0, 0, 0.001, 0.001, 0, 0, 0, 0, 0
Desua16, 0, 0, 0.002, 0.001, 0, 0, 0, 0, 0.001
Desua17, 0, 0, 0.001, 0.001, 0, 0, 0, 0, 0.001
Desua18, 0, 0, 0.001, 0.002, 0, 0, 0, 0, 0.001
Desua19, 0, 0, 0.003, 0.002, 0, 0, 0, 0, 0.002
Desua20, 0, 0, 0.006, 0.006, 0, 0, 0, 0, 0.006
Desua21, 0, 0, 0.001, 0.001, 0, 0, 0, 0, 0.001
Desua22, 0, 0, 0.002, 0.001, 0, 0, 0, 0, 0
Desua23, 0, 0, 0.004, 0.003, 0, 0, 0, 0, 0.002
Desua24, 0, 0, 0.004, 0.003, 0, 0, 0, 0, 0.002
Desua25, 0, 0, 0.002, 0.002, 0, 0, 0, 0, 0.002
Desua26, 0, 0, 0.002, 0.002, 0, 0, 0, 0, 0.002
Desua27, 0, 0, 0.001, 0.001, 0, 0, 0, 0, 0.001
Desua28, 0, 0, 0.001, 0.001, 0, 0, 0, 0, 0.001
Desua3, 0, 0, 0.001, 0.001, 0, 0, 0, 0, 0.001
Desua30, 0, 0, 0.004, 0.004, 0, 0, 0, 0, 0.004
Desua31, 0, 0, 0.001, 0.001, 0, 0, 0, 0, 0.001
Desua32, 0, 0, 0.001, 0, 0, 0, 0, 0, 0
Desua34, 0, 0, 0.001, 0.001, 0, 0, 0, 0, 0.001
Desua36, 0, 0, 0.001, 0, 0, 0, 0, 0, 0
Desua37, 0, 0, 0.001, 0.001, 0, 0, 0, 0, 0.001
Desua38, 0, 0, 0.004, 0.005, 0, 0, 0, 0, 0.003
Desua4, 0, 0, 0.003, 0.003, 0, 0, 0, 0, 0.003
Desua40, 0, 0, 0.002, 0.003, 0, 0, 0, 0, 0.002
Desua42, 0, 0, 0.003, 0.004, 0, 0, 0, 0, 0.003
Desua43, 0, 0, 0.003, 0.006, 0, 0, 0, 0, 0.002
Desua44, 0, 0, 0.004, 0.004, 0, 0, 0, 0, 0.002
Desua45, 0, 0, 0.003, 0.004, 0, 0, 0, 0, 0.003
Desua47, 0, 0, 0.001, 0.001, 0, 0, 0, 0, 0.001
Desua49, 0, 0, 0.001, 0.001, 0, 0, 0, 0, 0.001
Desua5, 0, 0, 0.002, 0.002, 0, 0, 0, 0, 0.002
Desua51, 0, 0, 0.001, 0.001, 0, 0, 0, 0, 0.001
Desua52, 0, 0, 0.001, 0, 0, 0, 0, 0, 0
Desua53, 0, 0, 0.001, 0.001, 0, 0, 0, 0, 0.001
Desua54, 0, 0, 0.002, 0.002, 0, 0, 0, 0, 0.001
Desua6, 0, 0, 0.001, 0.001, 0, 0, 0, 0, 0.001
Desua7, 0, 0, 0.003, 0.004, 0, 0, 0, 0, 0.003
Desua8, 0, 0, 0.001, 0.001, 0, 0, 0, 0, 0.001
Desua9, 0, 0, 0.001, 0.001, 0, 0, 0, 0, 0.001
Dict1, 0, 0, 0.002, 0.003, 0, 0, 0, 0, 0.002
Dorm1, 0, 0, 0.003, 0.002, 0, 0, 0, 0, 0.001
Dorm2, 0, 0, 0.003, 0.003, 0, 0, 0, 0, 0.001
Dorm3, 0, 0, 0.004, 0.005, 0, 0, 0, 0, 0.004
Dorm5, 0, 0, 0.001, 0, 0, 0, 0, 0, 0
Edwa1, 0, 0, 0.002, 0.002, 0, 0, 0, 0, 0.002
Eise1, 0, 0, 0.003, 0.003, 0, 0, 0, 0, 0.002
Eise2, 0, 0, 0.003, 0.004, 0, 0, 0, 0, 0.002
Eise4, 0, 0, 0.002, 0.002, 0, 0, 0, 0, 0.002
Elus1, 0, 0, 0.002, 0.002, 0, 0, 0, 0, 0.002
Elus10, 0, 0, 0.003, 0.002, 0, 0, 0, 0, 0.002
Elus2, 0, 0, 0.002, 0.002, 0, 0, 0, 0, 0.002
Elus3, 0, 0, 0.001, 0.001, 0, 0, 0, 0, 0.001
Elus4, 0, 0, 0.002, 0.003, 0, 0, 0, 0, 0.002
Elus5, 0, 0, 0.002, 0.003, 0, 0, 0, 0, 0.002
Elus6, 0, 0, 0.001, 0.001, 0, 0, 0, 0, 0
Elus7, 0, 0, 0.002, 0.003, 0, 0, 0, 0, 0.002
Elus8, 0, 0, 0.002, 0.001, 0, 0, 0, 0, 0.001
Elus9, 0, 0, 0.002, 0.002, 0, 0, 0, 0, 0.001
Erem2, 0, 0, 0.004, 0.004, 0, 0, 0, 0, 0.004
Erem3, 0, 0, 0.003, 0.003, 0, 0, 0, 0, 0.003
Erem4, 0, 0, 0.003, 0.004, 0, 0, 0, 0, 0.002
Erem5, 0, 0, 0.003, 0.002, 0, 0, 0, 0, 0.002
Erem6, 0, 0, 0.002, 0.002, 0, 0, 0, 0, 0.002
FCPU1, 0, 0, 0.001, 0.001, 0, 0, 0, 0, 0
FCPU2, 0, 0, 0.002, 0.001, 0, 0, 0, 0, 0.001
Ferm1, 0, 0, 0.002, 0.003, 0, 0, 0, 0, 0.002
Fibr1, 0, 0, 0.002, 0.002, 0, 0, 0, 0, 0.002
Fibr2, 0, 0, 0.002, 0.003, 0, 0, 0, 0, 0.002
Fibr3, 0, 0, 0.005, 0.005, 0, 0, 0, 0, 0.005
Fibr4, 0, 0, 0.001, 0.003, 0, 0, 0, 0, 0.001
Fibr5, 0, 0, 0.001, 0.001, 0, 0, 0, 0, 0.001
Fibr6, 0, 0, 0.001, 0.001, 0, 0, 0, 0, 0.001
Fire1, 0, 0, 0.003, 0.003, 0, 0, 0, 0, 0.003
FirmA1, 0, 0, 0.001, 0.001, 0, 0, 0, 0, 0.001
FirmA10, 0, 0, 0.003, 0.003, 0, 0, 0, 0, 0.002
FirmA100, 0, 0, 0.003, 0.004, 0, 0, 0, 0, 0.003
FirmA101, 0, 0, 0.003, 0.003, 0, 0, 0, 0, 0.003
FirmA102, 0, 0, 0.001, 0.002, 0, 0, 0, 0, 0.001
FirmA103, 0, 0, 0.003, 0.003, 0, 0, 0, 0, 0.003
FirmA104, 0, 0, 0.001, 0.001, 0, 0, 0, 0, 0.001
FirmA105, 0, 0, 0.002, 0.002, 0, 0, 0, 0, 0
FirmA106, 0, 0, 0.002, 0.002, 0, 0, 0, 0, 0.002
FirmA107, 0, 0, 0.001, 0.001, 0, 0, 0, 0, 0.001
FirmA108, 0, 0, 0.003, 0.003, 0, 0, 0, 0, 0.003
FirmA109, 0, 0, 0.001, 0.001, 0, 0, 0, 0, 0.001
FirmA110, 0, 0, 0.002, 0, 0, 0, 0, 0, 0
FirmA111, 0, 0, 0.001, 0.001, 0, 0, 0, 0, 0.001
FirmA113, 0, 0, 0.002, 0.003, 0, 0, 0, 0, 0.002
FirmA12, 0, 0, 0.001, 0.001, 0, 0, 0, 0, 0
FirmA14, 0, 0, 0.001, 0.001, 0, 0, 0, 0, 0.001
FirmA16, 0, 0, 0.001, 0.002, 0, 0, 0, 0, 0.001
FirmA18, 0, 0, 0.001, 0.001, 0, 0, 0, 0, 0.001
FirmA19, 0, 0, 0.001, 0.002, 0, 0, 0, 0, 0.001
FirmA2, 0, 0, 0.003, 0.003, 0, 0, 0, 0, 0.003
FirmA20, 0, 0, 0.002, 0.002, 0, 0, 0, 0, 0.002
FirmA21, 0, 0, 0.001, 0.001, 0, 0, 0, 0, 0.001
FirmA24, 0, 0, 0.001, 0.001, 0, 0, 0, 0, 0.001
FirmA25, 0, 0, 0.001, 0.001, 0, 0, 0, 0, 0.001
FirmA26, 0, 0, 0.002, 0.002, 0, 0, 0, 0, 0
FirmA27, 0, 0, 0.002, 0.002, 0, 0, 0, 0, 0
FirmA28, 0, 0, 0.001, 0.001, 0, 0, 0, 0, 0.001
FirmA29, 0, 0, 0.005, 0.004, 0, 0, 0, 0, 0.003
FirmA30, 0, 0, 0.003, 0.002, 0, 0, 0, 0, 0.002
FirmA31, 0, 0, 0.001, 0, 0, 0, 0, 0, 0
FirmA32, 0, 0, 0.001, 0.001, 0, 0, 0, 0, 0.001
FirmA33, 0, 0, 0.001, 0.001, 0, 0, 0, 0, 0.001
FirmA34, 0, 0, 0.003, 0.003, 0, 0, 0, 0, 0.003
FirmA35, 0, 0, 0.001, 0.001, 0, 0, 0, 0, 0.001
FirmA36, 0, 0, 0.001, 0.001, 0, 0, 0, 0, 0
FirmA37, 0, 0, 0.003, 0.003, 0, 0, 0, 0, 0.003
FirmA38, 0, 0, 0.002, 0.002, 0, 0, 0, 0, 0.002
FirmA39, 0, 0, 0.005, 0.006, 0, 0, 0, 0, 0.004
FirmA40, 0, 0, 0.004, 0.004, 0, 0, 0, 0, 0.003
FirmA41, 0, 0, 0.002, 0, 0, 0, 0, 0, 0
FirmA42, 0, 0, 0.003, 0.002, 0, 0, 0, 0, 0.002
FirmA43, 0, 0, 0.002, 0.001, 0, 0, 0, 0, 0.001
FirmA44, 0, 0, 0.002, 0.002, 0, 0, 0, 0, 0.001
FirmA45, 0, 0, 0.002, 0.003, 0, 0, 0, 0, 0.001
FirmA46, 0, 0, 0.002, 0.001, 0, 0, 0, 0, 0.001
FirmA47, 0, 0, 0.002, 0.002, 0, 0, 0, 0, 0.002
FirmA48, 0, 0, 0.001, 0.001, 0, 0, 0, 0, 0.001
FirmA49, 0, 0, 0.002, 0.002, 0, 0, 0, 0, 0.001
FirmA5, 0, 0, 0.002, 0.003, 0, 0, 0, 0, 0.001
FirmA51, 0, 0, 0.002, 0.002, 0, 0, 0, 0, 0
FirmA52, 0, 0, 0.004, 0.005, 0, 0, 0, 0, 0.004
FirmA54, 0, 0, 0.002, 0.001, 0, 0, 0, 0, 0.001
FirmA55, 0, 0, 0.003, 0.002, 0, 0, 0, 0, 0.002
FirmA56, 0, 0, 0.001, 0.001, 0, 0, 0, 0, 0.001
FirmA57, 0, 0, 0.001, 0.001, 0, 0, 0, 0, 0.001
FirmA58, 0, 0, 0.002, 0.002, 0, 0, 0, 0, 0.002
FirmA6, 0, 0, 0.002, 0.002, 0, 0, 0, 0, 0.001
FirmA61, 0, 0, 0.003, 0.002, 0, 0, 0, 0, 0.002
FirmA62, 0, 0, 0.001, 0.001, 0, 0, 0, 0, 0
FirmA63, 0, 0, 0.003, 0.002, 0, 0, 0, 0, 0.002
FirmA64, 0, 0, 0.002, 0.002, 0, 0, 0, 0, 0.002
FirmA65, 0, 0, 0.003, 0.002, 0, 0, 0, 0, 0.002
FirmA66, 0, 0, 0.002, 0.003, 0, 0, 0, 0, 0.001
FirmA67, 0, 0, 0.001, 0.001, 0, 0, 0, 0, 0.001
FirmA68, 0, 0, 0.001, 0, 0, 0, 0, 0, 0
FirmA69, 0, 0, 0.003, 0.003, 0, 0, 0, 0, 0.003
FirmA7, 0, 0, 0.003, 0.003, 0, 0, 0, 0, 0.003
FirmA71, 0, 0, 0.002, 0, 0, 0, 0, 0, 0
FirmA74, 0, 0, 0.002, 0.002, 0, 0, 0, 0, 0.002
FirmA75, 0, 0, 0.002, 0.001, 0, 0, 0, 0, 0.001
FirmA79, 0, 0, 0.001, 0.002, 0, 0, 0, 0, 0.001
FirmA8, 0, 0, 0.001, 0.001, 0, 0, 0, 0, 0.001
FirmA80, 0, 0, 0.002, 0.002, 0, 0, 0, 0, 0.002
FirmA81, 0, 0, 0.002, 0.002, 0, 0, 0, 0, 0.002
FirmA83, 0, 0, 0.002, 0.001, 0, 0, 0, 0, 0.001
FirmA84, 0, 0, 0.002, 0.003, 0, 0, 0, 0, 0.001
FirmA85, 0, 0, 0.002, 0.002, 0, 0, 0, 0, 0.001
FirmA86, 0, 0, 0.004, 0.003, 0, 0, 0, 0, 0.002
FirmA87, 0, 0, 0.001, 0.001, 0, 0, 0, 0, 0.001
FirmA88, 0, 0, 0.001, 0.001, 0, 0, 0, 0, 0.001
FirmA89, 0, 0, 0.003, 0.003, 0, 0, 0, 0, 0.001
FirmA9, 0, 0, 0.002, 0.001, 0, 0, 0, 0, 0.001
FirmA90, 0, 0, 0.001, 0.001, 0, 0, 0, 0, 0.001
FirmA91, 0, 0, 0.001, 0.001, 0, 0, 0, 0, 0.001
FirmA92, 0, 0, 0.003, 0.003, 0, 0, 0, 0, 0.002
FirmA93, 0, 0, 0.004, 0.006, 0, 0, 0, 0, 0.003
FirmA94, 0, 0, 0.001, 0.001, 0, 0, 0, 0, 0
FirmA97, 0, 0, 0.004, 0.005, 0, 0, 0, 0, 0.004
FirmA98, 0, 0, 0.001, 0.001, 0, 0, 0, 0, 0.001
FirmA99, 0, 0, 0.002, 0.001, 0, 0, 0, 0, 0.001
FirmB11, 0, 0, 0.001, 0.001, 0, 0, 0, 0, 0.001
FirmB12, 0, 0, 0.003, 0.002, 0, 0, 0, 0, 0.001
FirmB13, 0, 0, 0.003, 0.004, 0, 0, 0, 0, 0.002
FirmB14, 0, 0, 0.004, 0.005, 0, 0, 0, 0, 0.003
FirmB15, 0, 0, 0.004, 0.004, 0, 0, 0, 0, 0.002
FirmB16, 0, 0, 0.001, 0, 0, 0, 0, 0, 0
FirmB17, 0, 0, 0.004, 0.002, 0, 0, 0, 0, 0.002
FirmB3, 0, 0, 0.001, 0, 0, 0, 0, 0, 0
FirmB4, 0, 0, 0.001, 0, 0, 0, 0, 0, 0
FirmB7, 0, 0, 0.002, 0.003, 0, 0, 0, 0, 0.002
FirmB9, 0, 0, 0.001, 0.001, 0, 0, 0, 0, 0.001
FirmC1, 0, 0, 0.005, 0.004, 0, 0, 0, 0, 0.004
FirmC10, 0, 0, 0.001, 0, 0, 0, 0, 0, 0
FirmC13, 0, 0, 0.002, 0.003, 0, 0, 0, 0, 0.001
FirmC14, 0, 0, 0.001, 0.001, 0, 0, 0, 0, 0
FirmC17, 0, 0, 0.001, 0.001, 0, 0, 0, 0, 0
FirmC18, 0, 0, 0.001, 0.001, 0, 0, 0, 0, 0.001
FirmC19, 0, 0, 0.005, 0.003, 0, 0, 0, 0, 0.003
FirmC3, 0, 0, 0.003, 0.003, 0, 0, 0, 0, 0.003
FirmC4, 0, 0, 0.003, 0.003, 0, 0, 0, 0, 0.002
FirmC5, 0, 0, 0.002, 0.002, 0, 0, 0, 0, 0.002
FirmC6, 0, 0, 0.003, 0.003, 0, 0, 0, 0, 0.003
FirmC7, 0, 0, 0.002, 0.003, 0, 0, 0, 0, 0.002
FirmC8, 0, 0, 0.003, 0.001, 0, 0, 0, 0, 0.001
FirmC9, 0, 0, 0.004, 0.004, 0, 0, 0, 0, 0.004
FirmD1, 0, 0, 0.004, 0.004, 0, 0, 0, 0, 0.003
FirmD2, 0, 0, 0.001, 0.002, 0, 0, 0, 0, 0.001
FirmD3, 0, 0, 0.002, 0.002, 0, 0, 0, 0, 0.002
FirmD4, 0, 0, 0.002, 0.002, 0, 0, 0, 0, 0.002
FirmE1, 0, 0, 0.003, 0.004, 0, 0, 0, 0, 0.003
FirmE2, 0, 0, 0.001, 0.001, 0, 0, 0, 0, 0.001
FirmE3, 0, 0, 0.001, 0.001, 0, 0, 0, 0, 0.001
FirmE5, 0, 0, 0.004, 0.005, 0, 0, 0, 0, 0.004
FirmE6, 0, 0, 0.001, 0.001, 0, 0, 0, 0, 0.001
FirmE8, 0, 0, 0.002, 0.003, 0, 0, 0, 0, 0.002
FirmF1, 0, 0, 0.002, 0.003, 0, 0, 0, 0, 0.002
FirmF2, 0, 0, 0.001, 0, 0, 0, 0, 0, 0
FirmF3, 0, 0, 0.005, 0.007, 0, 0, 0, 0, 0.004
FirmG1, 0, 0, 0.001, 0.001, 0, 0, 0, 0, 0.001
FirmG2, 0, 0, 0.005, 0.004, 0, 0, 0, 0, 0.004
FirmG3, 0, 0, 0.001, 0.001, 0, 0, 0, 0, 0.001
FirmG4, 0, 0, 0.002, 0.002, 0, 0, 0, 0, 0.002
FirmG5, 0, 0, 0.001, 0.001, 0, 0, 0, 0, 0.001
FirmG6, 0, 0, 0.001, 0.002, 0, 0, 0, 0, 0.001
Firms1, 0, 0, 0.003, 0.003, 0, 0, 0, 0, 0.003
Firms11, 0, 0, 0.173, 0.04, 0, 0, 0, 0, 0.001
Firms13, 0, 0, 0.001, 0.001, 0, 0, 0, 0, 0.001
Firms15, 0, 0, 0.002, 0.002, 0, 0, 0, 0, 0.002
Firms16, 0, 0, 0.001, 0.001, 0, 0, 0, 0, 0.001
Firms17, 1, 0, 0.001, 0.324, 1, 0, 1, 0.172, 0.829
Firms18, 0, 0, 0.001, 0.001, 0, 0, 0, 0, 0.001
Firms2, 0, 0, 0.002, 0.002, 0, 0, 0, 0, 0.001
Firms20, 0, 0, 0.003, 0.003, 0, 0, 0, 0, 0.003
Firms21, 0, 0, 0.001, 0.001, 0, 0, 0, 0, 0.001
Firms22, 0, 0, 0.003, 0.003, 0, 0, 0, 0, 0.003
Firms23, 0, 0, 0.001, 0.001, 0, 0, 0, 0, 0.001
Firms24, 0, 0, 0.001, 0.002, 0, 0, 0, 0, 0.001
Firms26, 0, 0, 0.001, 0.001, 0, 0, 0, 0, 0.001
Firms27, 0, 0, 0.001, 0.001, 0, 0, 0, 0, 0.001
Firms28, 0, 0, 0.001, 0.001, 0, 0, 0, 0, 0.001
Firms29, 0, 0, 0.001, 0.001, 0, 0, 0, 0, 0.001
Firms3, 0, 0, 0.003, 0.003, 0, 0, 0, 0, 0.003
Firms31, 0, 0, 0.001, 0.001, 0, 0, 0, 0, 0.001
Firms32, 0, 0, 0.001, 0.001, 0, 0, 0, 0, 0.001
Firms33, 0, 0, 0.002, 0.002, 0, 0, 0, 0, 0.002
Firms4, 1, 0, 0, 0.321, 1, 0, 1, 0.035, 0.965
Firms5, 0, 0, 0.001, 0.001, 0, 0, 0, 0, 0.001
Firms6, 0, 0, 0.007, 0.01, 0, 0.001, 0, 0, 0.005
Firms7, 0, 0, 0.001, 0.001, 0, 0, 0, 0, 0.001
Firms8, 0, 0, 0.006, 0.006, 0, 0, 0, 0, 0.003
Firms9, 0, 0, 0.001, 0.001, 0, 0, 0, 0, 0.001
Fuso2, 0, 0, 0.001, 0.001, 0, 0, 0, 0, 0.001
Gemm3, 0, 0, 0.004, 0.003, 0, 0, 0, 0, 0.003
Gemm5, 0, 0, 0.003, 0.003, 0, 0, 0, 0, 0.002
Gemm6, 0, 0, 0.002, 0.002, 0, 0, 0, 0, 0.001
Gemm7, 0, 0, 0.002, 0.002, 0, 0, 0, 0, 0.002
Gemm8, 0, 0, 0.003, 0.005, 0, 0, 0, 0, 0.003
Gemm9, 0, 0, 0.003, 0.004, 0, 0, 0, 0, 0.002
GemmA1, 0, 0, 0.001, 0.001, 0, 0, 0, 0, 0.001
Gold1, 0, 0, 0.002, 0.002, 0, 0, 0, 0, 0.002
Gold2, 0, 0, 0.003, 0.004, 0, 0, 0, 0, 0.003
Hydr1, 0, 0, 0.003, 0.002, 0, 0, 0, 0, 0.002
Hydr2, 0, 0, 0.001, 0.001, 0, 0, 0, 0, 0
J088X1, 0, 0, 0.002, 0.003, 0, 0, 0, 0, 0.002
KSB1X1, 0, 0, 0.001, 0.001, 0, 0, 0, 0, 0
KSB1X2, 0, 0, 0.002, 0.002, 0, 0, 0, 0, 0.002
KSB1X3, 0, 0, 0.002, 0.001, 0, 0, 0, 0, 0.001
KSB1X4, 0, 0, 0.002, 0.002, 0, 0, 0, 0, 0.002
Krum1, 0, 0, 0.001, 0.001, 0, 0, 0, 0, 0.001
Late2, 0, 0, 0.004, 0.005, 0, 0, 0, 0, 0.004
Late3, 0, 0, 0.002, 0.002, 0, 0, 0, 0, 0.002
Lind2, 0, 0, 0.002, 0.002, 0, 0, 0, 0, 0.002
Lind4, 0, 0, 0.005, 0.008, 0, 0, 0, 0, 0.005
Marg1, 0, 0, 0.006, 0.006, 0, 0, 0, 0, 0.005
Marg2, 0, 0, 0.001, 0.001, 0, 0, 0, 0, 0.001
Marg6, 0, 0, 0.005, 0.004, 0, 0, 0, 0, 0.004
Marg7, 0, 0, 0.001, 0.001, 0, 0, 0, 0, 0.001
Mari1, 0, 0, 0.001, 0.001, 0, 0, 0, 0, 0
Mari2, 0, 0, 0.003, 0.003, 0, 0, 0, 0, 0.002
Mari3, 0, 0, 0.002, 0.002, 0, 0, 0, 0, 0.001
Mari5, 0, 0, 0.002, 0.002, 0, 0, 0, 0, 0.002
Mari6, 0, 0, 0.001, 0, 0, 0, 0, 0, 0
Meth2, 0, 0, 0.002, 0.003, 0, 0, 0, 0, 0.002
Meth3, 0, 0, 0.003, 0.002, 0, 0, 0, 0, 0.001
Meth4, 0, 0, 0.002, 0.002, 0, 0, 0, 0, 0
Muir1, 0, 0, 0.004, 0.005, 0, 0, 0, 0, 0.004
MyxA1, 0, 0, 0.003, 0.004, 0, 0, 0, 0, 0.002
MyxA2, 0, 0, 0.001, 0.002, 0, 0, 0, 0, 0.001
MyxA3, 0, 0, 0.001, 0.003, 0, 0, 0, 0, 0.001
MyxA4, 0, 0, 0.004, 0.004, 0, 0, 0, 0, 0.004
Myxo1, 0, 0, 0.001, 0.003, 0, 0, 0, 0, 0.001
Myxo10, 0, 0, 0.046, 0.005, 0, 0, 0, 0, 0.002
Myxo11, 0, 0, 0.005, 0.002, 0, 0, 0, 0, 0.002
Myxo13, 0, 0, 0.005, 0.007, 0, 0, 0, 0, 0.002
Myxo14, 0, 0, 0.001, 0.001, 0, 0, 0, 0, 0.001
Myxo15, 0, 0, 0.215, 0.029, 0, 0, 0, 0, 0
Myxo17, 0, 0, 0.005, 0.005, 0, 0, 0, 0, 0.004
Myxo18, 1, 0, 0, 0.165, 1, 0, 1, 0.215, 0.785
Myxo19, 0, 0, 0.001, 0, 0, 0, 0, 0, 0
Myxo2, 0, 0, 0.001, 0.001, 0, 0, 0, 0, 0.001
Myxo3, 0, 0, 0.004, 0.006, 0, 0, 0, 0, 0.004
Myxo5, 0, 0, 0.003, 0.005, 0, 0, 0, 0, 0.003
Myxo8, 0, 0, 0.002, 0.002, 0, 0, 0, 0, 0.002
Myxo9, 0, 0, 0.006, 0.007, 0, 0, 0, 0, 0.006
Nitr1, 0, 0, 0.003, 0.003, 0, 0, 0, 0, 0.003
Nitr12, 0, 0, 0.002, 0.003, 0, 0, 0, 0, 0.002
Nitr13, 0, 0, 0.007, 0.007, 0, 0, 0, 0, 0.007
Nitr15, 0, 0, 0.001, 0.001, 0, 0, 0, 0, 0.001
Nitr16, 0, 0, 0.002, 0.003, 0, 0, 0, 0, 0.002
Nitr17, 0, 0, 0.001, 0.001, 0, 0, 0, 0, 0.001
Nitr4, 0, 0, 0.004, 0.003, 0, 0, 0, 0, 0.003
Nitr5, 0, 0, 0.002, 0.002, 0, 0, 0, 0, 0.002
Nitr6, 0, 0, 0.001, 0.001, 0, 0, 0, 0, 0.001
Nitr7, 0, 0, 0.003, 0.003, 0, 0, 0, 0, 0.003
Nitr8, 0, 0, 0.003, 0.003, 0, 0, 0, 0, 0.003
Nitr9, 0, 0, 0.001, 0.001, 0, 0, 0, 0, 0.001
Nits1, 0, 0, 0.001, 0.001, 0, 0, 0, 0, 0.001
Nits2, 0, 0, 0.002, 0.002, 0, 0, 0, 0, 0.002
Nits3, 0, 0, 0.001, 0.001, 0, 0, 0, 0, 0.001
Nits4, 0, 0, 0.002, 0.002, 0, 0, 0, 0, 0.002
NitsA1, 0, 0, 0.001, 0.002, 0, 0, 0, 0, 0.001
NitsA2, 0, 0, 0.002, 0.002, 0, 0, 0, 0, 0.002
NitsA3, 0, 0, 0.002, 0.001, 0, 0, 0, 0, 0.001
Node_AABM5X1_AABM5X2_0, 0, 0, 0.002, 0.002, 0, 0, 0, 0, 0.001
Node_AABM5X1_AABM5X3_0, 0.001, 0, 0, 0, 0.001, 0, 0.001, 0, 0.001
Node_Acid12_Acid13_0, 0, 0, 0.002, 0.002, 0, 0, 0, 0, 0.002
Node_Acid1_Acid17_0, 0.001, 0, 0.003, 0.003, 0.001, 0, 0.001, 0, 0.004
Node_Acid29_Acid27_0, 0, 0, 0.004, 0.005, 0, 0, 0, 0, 0.004
Node_Acid32_Acid26_0, 0, 0, 0.001, 0.001, 0, 0, 0, 0, 0.001
Node_Acid34_Acid24_0, 0, 0, 0.001, 0.001, 0, 0, 0, 0, 0.001
Node_Acid34_Acid29_0, 0, 0, 0.004, 0.005, 0, 0, 0, 0, 0.003
Node_Acid34_Acid33_0, 0.001, 0, 0.001, 0.001, 0.001, 0, 0.001, 0, 0.002
Node_Acid37_Acid30_0, 0, 0, 0.001, 0.001, 0, 0, 0, 0, 0.001
Node_Acid38_Acid2_0, 0, 0, 0.001, 0.001, 0, 0, 0, 0, 0.001
Node_Acid38_Acid40_0, 0, 0, 0.003, 0.005, 0, 0, 0, 0, 0.003
Node_Acid38_Acid7_0, 0, 0, 0.002, 0.003, 0, 0, 0, 0, 0.002
Node_Acid39_Acid35_0, 0.001, 0, 0, 0, 0.001, 0, 0.001, 0, 0.001
Node_Acid3_Acid14_0, 0, 0, 0.003, 0.003, 0, 0, 0, 0, 0.001
Node_Acid3_Acid6_0, 0.002, 0, 0.001, 0.001, 0.002, 0, 0.002, 0, 0.003
Node_Acid6_Acid28_0, 0, 0, 0.003, 0.002, 0, 0, 0, 0, 0.001
Node_Acti10_Acti11_0, 0.001, 0, 0, 0.001, 0.001, 0, 0.001, 0, 0.001
Node_Acti10_Acti25_0, 0, 0, 0.001, 0, 0, 0, 0, 0, 0
Node_Acti10_Acti26_0, 0, 0, 0.001, 0.001, 0, 0, 0, 0, 0.001
Node_Acti10_Acti7_0, 0, 0, 0.002, 0.002, 0, 0, 0, 0, 0.002
Node_Acti11_Acti22_0, 0, 0, 0.002, 0.002, 0, 0, 0, 0, 0.001
Node_Acti12_Acti21_0, 0, 0, 0.005, 0.003, 0, 0, 0, 0, 0.003
Node_Acti12_Acti48_0, 0.002, 0, 0.003, 0.001, 0.002, 0, 0.002, 0.001, 0.002
Node_Acti14_Acti33_0, 0, 0, 0.001, 0.001, 0, 0, 0, 0, 0.001
Node_Acti14_Acti34_0, 0, 0, 0.001, 0.001, 0, 0, 0, 0, 0.001
Node_Acti14_Acti6_0, 0.001, 0, 0.001, 0.001, 0.001, 0, 0.001, 0, 0.002
Node_Acti18_Acti16_0, 0, 0, 0.003, 0.003, 0, 0, 0, 0, 0.003
Node_Acti19_Acti13_0, 0, 0, 0.082, 0.018, 0, 0, 0, 0, 0
Node_Acti19_Acti23_0, 0, 0, 0.005, 0.008, 0, 0, 0, 0, 0.005
Node_Acti19_Acti42_0, 0.002, 0, 0, 0.002, 0.002, 0.001, 0.002, 0.002, 0
Node_Acti19_Acti49_0, 0.082, 0, 0, 0.029, 0.082, 0, 0.082, 0.018, 0.064
Node_Acti19_Acti8_0, 0.018, 0, 0, 0.007, 0.018, 0.004, 0.018, 0.006, 0.012
Node_Acti33_Acti35_0, 0.001, 0, 0.002, 0.004, 0.001, 0, 0.001, 0, 0.003
Node_Acti47_Acti45_0, 0, 0, 0.002, 0.001, 0, 0, 0, 0, 0.001
Node_Acti49_Acti15_0, 0.715, 0, 0.008, 0.001, 0.714, 0, 0.715, 0.71, 0.005
Node_Acti49_Acti32_0, 0.001, 0, 0.761, 0.02, 0.001, 0, 0.001, 0.001, 0.003
Node_Acti49_Acti38_0, 0.759, 0, 0, 0.011, 0.758, 0, 0.759, 0.715, 0.044
Node_Acti49_Acti40_0, 0.718, 0, 0, 0.214, 0.717, 0.002, 0.718, 0.084, 0.634
Node_Acti50_Acti19_0, 0.001, 0, 0, 0.001, 0.001, 0, 0.001, 0.001, 0
Node_Acti50_Acti28_0, 0, 0, 0.002, 0.002, 0, 0, 0, 0, 0.001
Node_Acti50_Acti39_0, 0, 0, 0.001, 0, 0, 0, 0, 0, 0
Node_Acti50_Acti47_0, 0.001, 0, 0.002, 0.002, 0.001, 0, 0.001, 0, 0.003
Node_Acti50_Acti51_0, 0.001, 0, 0, 0, 0.001, 0.001, 0.001, 0.001, 0
Node_Acti51_Acti27_0, 0.001, 0, 0, 0, 0.001, 0, 0.001, 0, 0.001
Node_Acti51_Acti9_0, 0, 0, 0.001, 0, 0, 0, 0, 0, 0
Node_Acti52_Acti12_0, 0.003, 0, 0.003, 0.003, 0.003, 0, 0.003, 0, 0.006
Node_Acti52_Acti37_0, 0, 0, 0.001, 0.001, 0, 0, 0, 0, 0.001
Node_Acti52_Acti44_0, 0.001, 0, 0.003, 0.002, 0.001, 0, 0.001, 0, 0.001
Node_Acti8_Acti24_0, 0, 0, 0.001, 0.003, 0, 0, 0, 0, 0.001
Node_Acti8_Acti2_0, 0, 0, 0.018, 0.003, 0, 0, 0, 0, 0
Node_Acti9_Acti29_0, 0, 0, 0.001, 0.001, 0, 0, 0, 0, 0.001
Node_Acti9_Acti30_0, 0, 0, 0.001, 0.002, 0, 0.001, 0, 0, 0
Node_Aqui2_Aqui3_0, 0, 0, 0.001, 0.001, 0, 0.001, 0, 0, 0
Node_Aqui2_Aqui5_0, 0, 0, 0.001, 0.001, 0, 0, 0, 0, 0.001
Node_Aqui2_Aqui6_0, 0, 0, 0.001, 0.001, 0, 0, 0, 0, 0.001
Node_Aqui6_Aqui4_0, 0.001, 0, 0, 0, 0.001, 0, 0.001, 0, 0.001
Node_Arma15_Arma13_0, 0, 0, 0.001, 0.001, 0, 0, 0, 0, 0.001
Node_Arma6_Arma15_0, 0, 0, 0.001, 0.001, 0, 0, 0, 0, 0.001
Node_Arma6_Arma9_0, 0, 0, 0.001, 0.001, 0, 0, 0, 0, 0.001
Node_Aure2_Aure1_0, 0, 0, 0.003, 0.004, 0, 0, 0, 0, 0
Node_Bact1_Bact11_0, 0, 0, 0.003, 0.003, 0, 0, 0, 0, 0.002
Node_Bact1_Bact17_0, 0.001, 0, 0.001, 0.002, 0.001, 0, 0.001, 0.001, 0.001
Node_Bact20_Bact1_0, 0.001, 0, 0.002, 0.003, 0.001, 0, 0.001, 0, 0.003
Node_Bact20_Bact30_0, 0, 0, 0.002, 0.001, 0, 0, 0, 0, 0.001
Node_Bact21_Bact29_0, 0.17, 0, 0, 0.02, 0.169, 0, 0.17, 0.024, 0.146
Node_Bact21_Bact36_0, 0.024, 0, 0.001, 0.015, 0.024, 0, 0.024, 0.003, 0.021
Node_Bact21_Bact44_0, 0.004, 0, 0.002, 0.001, 0.004, 0, 0.004, 0.003, 0.001
Node_Bact22_Bact31_0, 0.001, 0, 0.007, 0.006, 0.001, 0, 0.001, 0, 0.007
Node_Bact22_Bact5_0, 0.001, 0, 0, 0, 0.001, 0, 0.001, 0, 0.001
Node_Bact23_Bact28_0, 0, 0, 0.005, 0.005, 0, 0, 0, 0, 0.002
Node_Bact23_Bact34_0, 0.003, 0, 0.001, 0.002, 0.003, 0, 0.003, 0, 0.004
Node_Bact25_Bact20_0, 0, 0, 0.001, 0.001, 0, 0, 0, 0, 0.001
Node_Bact25_Bact2_0, 0, 0, 0.001, 0.001, 0, 0, 0, 0, 0.001
Node_Bact27_Bact19_0, 0.023, 0, 0.001, 0.004, 0.023, 0, 0.023, 0.004, 0.019
Node_Bact27_Bact21_0, 0.005, 0, 0, 0, 0.005, 0, 0.005, 0, 0.005
Node_Bact27_Bact35_0, 0.26, 0, 0.003, 0.071, 0.26, 0, 0.26, 0.022, 0.24
Node_Bact27_Bact40_0, 0.977, 0, 0.001, 0.459, 0.974, 0, 0.977, 0.26, 0.718
Node_Bact29_Bact9_0, 1.001, 0, 0.001, 0.04, 1, 0, 1.001, 0.17, 0.832
Node_Bact30_Bact32_0, 0.001, 0, 0.001, 0.002, 0.001, 0, 0.001, 0, 0.002
Node_Bact31_Bact38_0, 0, 0, 0.002, 0.001, 0, 0, 0, 0, 0.001
Node_Bact33_Bact10_0, 0, 0, 0.001, 0.001, 0, 0, 0, 0, 0.001
Node_Bact33_Bact39_0, 0, 0, 0.001, 0.001, 0, 0, 0, 0, 0.001
Node_Bact36_Bact43_0, 0.002, 0, 0.023, 0.005, 0.002, 0, 0.002, 0.002, 0.001
Node_Bact37_Bact42_0, 0, 0, 0.001, 0.001, 0, 0, 0, 0, 0.001
Node_Bact3_Bact14_0, 0, 0, 0.001, 0.001, 0, 0, 0, 0, 0.001
Node_Bact3_Bact18_0, 0, 0, 0.001, 0.001, 0, 0, 0, 0, 0.001
Node_Bact40_Bact41_0, 1.003, 0, 0.007, 0.024, 1, 0, 1.003, 0.971, 0.033
Node_Bact5_Bact16_0, 0.001, 0, 0.002, 0.002, 0.001, 0, 0.001, 0.001, 0.002
Node_Bact7_Bact8_0, 0.001, 0, 0.001, 0.001, 0.001, 0, 0.001, 0, 0.002
Node_Bdell12_Bdell3_0, 0.001, 0, 0.001, 0.001, 0.001, 0, 0.001, 0, 0.002
Node_Bdell14_Bdell11_0, 0, 0, 0.001, 0.001, 0, 0, 0, 0, 0.001
Node_Bdell14_Bdell4_0, 0, 0, 0.001, 0.001, 0, 0, 0, 0, 0.001
Node_Bdell15_Bdell7_0, 0, 0, 0.002, 0.003, 0, 0, 0, 0, 0.002
Node_Bdell15_Bdell9_0, 0.002, 0, 0.001, 0.001, 0.002, 0, 0.002, 0, 0.003
Node_Bdell17_Bdell16_0, 0, 0, 0.001, 0.001, 0, 0, 0, 0, 0.001
Node_Bdell2_Bdell10_0, 0, 0, 0.001, 0.001, 0, 0, 0, 0, 0.001
Node_BdellC1_BdellC2_0, 0, 0, 0.001, 0.001, 0, 0, 0, 0, 0.001
Node_CG294X1_CG267X1_0, 0, 0, 0.001, 0.001, 0, 0, 0, 0, 0.001
Node_Calda2_Calda1_0, 0, 0, 0.001, 0, 0, 0, 0, 0, 0
Node_Caldit2_Caldit1_0, 0, 0, 0.001, 0.001, 0, 0, 0, 0, 0.001
Node_Caldit2_Caldit3_0, 0, 0, 0.001, 0.002, 0, 0, 0, 0, 0.001
Node_Camp14_Camp15_0, 0, 0, 0.002, 0.001, 0, 0, 0, 0, 0.001
Node_Camp2_Camp11_0, 0, 0, 0.003, 0.003, 0, 0, 0, 0, 0.003
Node_Camp2_Camp13_0, 0.003, 0, 0.001, 0.001, 0.003, 0, 0.003, 0.002, 0.001
Node_Camp2_Camp4_0, 0.003, 0, 0.001, 0.001, 0.003, 0, 0.003, 0, 0.003
Node_Camp2_Camp5_0, 0, 0, 0.001, 0.001, 0, 0, 0, 0, 0.001
Node_Camp2_Camp7_0, 0.001, 0, 0.001, 0.001, 0.001, 0, 0.001, 0, 0.002
Node_Camp4_Camp16_0, 0.001, 0, 0.003, 0.002, 0.001, 0, 0.001, 0.001, 0.001
Node_Camp5_Camp10_0, 0, 0, 0.004, 0.004, 0, 0, 0, 0, 0.003
Node_Camp5_Camp12_0, 0.001, 0, 0, 0, 0.001, 0, 0.001, 0, 0.001
Node_Camp7_Camp14_0, 0.001, 0, 0.002, 0.001, 0.001, 0, 0.001, 0, 0.002
Node_Camp9_Camp6_0, 0.001, 0, 0, 0, 0.001, 0, 0.001, 0, 0.001
Node_Chlo12_Chlo24_0, 0.002, 0, 0, 0.001, 0.002, 0, 0.002, 0, 0.002
Node_Chlo26_Chlo11_0, 0, 0, 0.001, 0.002, 0, 0, 0, 0, 0.001
Node_Chlo26_Chlo9_0, 0, 0, 0.001, 0.001, 0, 0, 0, 0, 0.001
Node_Chlo30_Chlo20_0, 0.001, 0, 0, 0, 0.001, 0, 0.001, 0, 0.001
Node_Chlo30_Chlo37_0, 0.002, 0, 0.004, 0.004, 0.002, 0, 0.002, 0.001, 0.005
Node_Chlo31_Chlo25_0, 0, 0, 0.002, 0.002, 0, 0, 0, 0, 0.002
Node_Chlo35_Chlo21_0, 0, 0, 0.001, 0.001, 0, 0, 0, 0, 0.001
Node_Chlo36_Chlo13_0, 0.001, 0, 0.001, 0.001, 0.001, 0, 0.001, 0, 0.002
Node_Chlo36_Chlo33_0, 0, 0, 0.001, 0.001, 0, 0, 0, 0, 0.001
Node_Chlo36_Chlo40_0, 0, 0, 0.003, 0.003, 0, 0, 0, 0, 0.002
Node_Chlo36_Chlo5_0, 0, 0, 0.002, 0.002, 0, 0, 0, 0, 0.002
Node_Chlo38_Chlo19_0, 0, 0, 0.006, 0.007, 0, 0, 0, 0, 0.006
Node_Chlo41_Chlo29_0, 0, 0, 0.001, 0.001, 0, 0, 0, 0, 0.001
Node_Chlo42_Chlo34_0, 0, 0, 0.002, 0.002, 0, 0, 0, 0, 0.002
Node_Chlo43_Chlo42_0, 0, 0, 0.001, 0.002, 0, 0, 0, 0, 0.001
Node_Chlo44_Chlo17_0, 0.001, 0, 0.002, 0.003, 0.001, 0, 0.001, 0, 0.002
Node_Chlo44_Chlo22_0, 0.001, 0, 0, 0, 0.001, 0, 0.001, 0, 0.001
Node_Chlo45_Chlo27_0, 0, 0, 0.001, 0.001, 0, 0, 0, 0, 0.001
Node_Chlo45_Chlo46_0, 0.001, 0, 0, 0, 0.001, 0, 0.001, 0, 0.001
Node_Chlo48_Chlo10_0, 0.002, 0, 0.001, 0.002, 0.002, 0, 0.002, 0, 0.003
Node_Chlo6_Chlo18_0, 0.001, 0, 0.002, 0.003, 0.001, 0, 0.001, 0, 0.003
Node_Chlo7_Chlo15_0, 0, 0, 0.002, 0.002, 0, 0, 0, 0, 0.002
Node_Chry1_Aqui2_0, 0, 0, 0.001, 0.001, 0, 0.001, 0, 0, 0
Node_Cyan10_Cyan35_0, 0, 0, 0.002, 0.002, 0, 0, 0, 0, 0.001
Node_Cyan10_Cyan45_0, 0, 0, 0.001, 0.001, 0, 0, 0, 0, 0.001
Node_Cyan10_Cyan46_0, 0.001, 0, 0.001, 0.001, 0.001, 0, 0.001, 0, 0.001
Node_Cyan11_Cyan26_0, 0.001, 0, 0.003, 0.003, 0.001, 0, 0.001, 0, 0.002
Node_Cyan12_Cyan13_0, 0.004, 0, 0.003, 0.003, 0.004, 0, 0.004, 0, 0.007
Node_Cyan13_Cyan18_0, 0.002, 0, 0.005, 0.003, 0.002, 0, 0.002, 0.001, 0.003
Node_Cyan14_Cyan15_0, 0.002, 0, 0.001, 0.004, 0.002, 0, 0.002, 0.001, 0.002
Node_Cyan14_Cyan16_0, 0.001, 0, 0.001, 0.001, 0.001, 0, 0.001, 0, 0.002
Node_Cyan14_Cyan23_0, 0, 0, 0.003, 0.003, 0, 0, 0, 0, 0.003
Node_Cyan16_Cyan29_0, 0, 0, 0.001, 0, 0, 0, 0, 0, 0
Node_Cyan2_Cyan1_0, 0.001, 0, 0, 0, 0.001, 0, 0.001, 0, 0.001
Node_Cyan33_Cyan21_0, 0.001, 0, 0.002, 0.002, 0.001, 0, 0.001, 0.001, 0.001
Node_Cyan40_Arma4_0, 0, 0, 0.001, 0, 0, 0, 0, 0, 0
Node_Cyan40_Cyan10_0, 0.001, 0, 0, 0.001, 0.001, 0, 0.001, 0, 0.001
Node_Cyan40_Cyan11_0, 0.002, 0, 0.002, 0.003, 0.002, 0, 0.002, 0.001, 0.003
Node_Cyan40_Cyan14_0, 0, 0, 0.001, 0.001, 0, 0, 0, 0, 0.001
Node_Cyan40_Cyan19_0, 0, 0, 0.001, 0.001, 0, 0, 0, 0, 0
Node_Cyan40_Cyan20_0, 0, 0, 0.001, 0.001, 0, 0.001, 0, 0, 0
Node_Cyan40_Cyan25_0, 0.001, 0, 0.001, 0, 0.001, 0, 0.001, 0, 0.001
Node_Cyan40_Cyan27_0, 0, 0, 0.003, 0.002, 0, 0, 0, 0, 0.001
Node_Cyan40_Cyan36_0, 0.001, 0, 0, 0, 0.001, 0, 0.001, 0, 0.001
Node_Cyan46_Cyan30_0, 0, 0, 0.001, 0, 0, 0, 0, 0, 0
Node_Cyan46_Cyan31_0, 0, 0, 0.003, 0.004, 0, 0, 0, 0, 0.003
Node_Cyan46_Cyan32_0, 0, 0, 0.004, 0.003, 0, 0, 0, 0, 0.002
Node_Cyan46_Cyan33_0, 0.002, 0, 0.001, 0.001, 0.002, 0, 0.002, 0, 0.003
Node_Cyan46_Cyan41_0, 0.002, 0, 0.002, 0.001, 0.002, 0, 0.002, 0.001, 0.002
Node_Cyan47_Cyan43_0, 0, 0, 0.002, 0.002, 0, 0, 0, 0, 0.002
Node_Cyan4_Cyan8_0, 0, 0, 0.001, 0.001, 0, 0, 0, 0, 0.001
Node_Dein5_Bipo1_0, 0, 0, 0.001, 0, 0, 0, 0, 0, 0
Node_Dein5_Dein1_0, 0, 0, 0.002, 0.001, 0, 0, 0, 0, 0
Node_Dein5_Dein4_0, 0, 0, 0.001, 0.002, 0, 0, 0, 0, 0.001
Node_Dein5_Dein7_0, 0.002, 0, 0.001, 0.002, 0.002, 0, 0.002, 0, 0.003
Node_Dein7_Dein3_0, 0.001, 0, 0.003, 0.004, 0.001, 0, 0.001, 0, 0.002
Node_DesuB1_DesuB2_0, 0.001, 0, 0, 0, 0.001, 0, 0.001, 0, 0.001
Node_DesuB4_BdellC1_0, 0, 0, 0.002, 0.002, 0, 0.002, 0, 0, 0
Node_DesuB4_DesuB1_0, 0, 0, 0.001, 0.001, 0, 0, 0, 0, 0.001
Node_DesuB4_DesuB3_0, 0.001, 0, 0, 0, 0.001, 0, 0.001, 0, 0.001
Node_DesuC2_DesuC1_0, 0, 0, 0.002, 0.002, 0, 0, 0, 0, 0.002
Node_DesuD2_DesuD1_0, 0, 0, 0.004, 0.004, 0, 0.001, 0, 0, 0.003
Node_Desua16_Desua15_0, 0.001, 0, 0.003, 0.003, 0.001, 0, 0.001, 0, 0.002
Node_Desua16_Desua24_0, 0.002, 0, 0.002, 0.003, 0.002, 0, 0.002, 0, 0.004
Node_Desua1_Desua34_0, 0, 0, 0.002, 0.002, 0, 0, 0, 0, 0.002
Node_Desua22_Desua14_0, 0.001, 0, 0.002, 0.003, 0.001, 0, 0.001, 0, 0.003
Node_Desua22_Desua23_0, 0.002, 0, 0, 0, 0.002, 0, 0.002, 0.001, 0.001
Node_Desua28_Desua35_0, 0, 0, 0.002, 0.002, 0, 0, 0, 0, 0.002
Node_Desua2_Desua8_0, 0, 0, 0.001, 0.001, 0, 0, 0, 0, 0.001
Node_Desua36_Desua38_0, 0.001, 0, 0.002, 0.002, 0.001, 0, 0.001, 0, 0.003
Node_Desua36_Desua39_0, 0, 0, 0.004, 0.004, 0, 0, 0, 0, 0.002
Node_Desua40_Desua31_0, 0, 0, 0.001, 0.001, 0, 0, 0, 0, 0.001
Node_Desua43_Desua50_0, 0, 0, 0.002, 0.001, 0, 0, 0, 0, 0.001
Node_Desua43_Desua52_0, 0.001, 0, 0, 0, 0.001, 0, 0.001, 0, 0.001
Node_Desua43_Desua54_0, 0.001, 0, 0, 0, 0.001, 0, 0.001, 0, 0.001
Node_Desua44_Desua36_0, 0.002, 0, 0, 0, 0.002, 0, 0.002, 0, 0.002
Node_Desua47_Desua29_0, 0, 0, 0.002, 0.002, 0, 0, 0, 0, 0.002
Node_Desua47_Desua37_0, 0, 0, 0.004, 0.003, 0, 0, 0, 0, 0.003
Node_Desua47_Desua41_0, 0, 0, 0.001, 0.001, 0, 0, 0, 0, 0.001
Node_Desua47_Desua53_0, 0.001, 0, 0, 0, 0.001, 0, 0.001, 0, 0.001
Node_Desua48_Desua46_0, 0, 0, 0.001, 0.002, 0, 0, 0, 0, 0.001
Node_Desua49_Desua32_0, 0.001, 0, 0, 0, 0.001, 0, 0.001, 0, 0.001
Node_Desua49_Desua44_0, 0, 0, 0.002, 0.002, 0, 0, 0, 0, 0.001
Node_Desua53_Desua51_0, 0, 0, 0.001, 0.001, 0, 0, 0, 0, 0
Node_Desua6_Desua19_0, 0.001, 0, 0.002, 0.003, 0.001, 0, 0.001, 0, 0.003
Node_Desua6_Desua7_0, 0, 0, 0.003, 0.003, 0, 0, 0, 0, 0.002
Node_Desua9_Desua17_0, 0, 0, 0.001, 0.001, 0, 0, 0, 0, 0.001
Node_Desua9_Desua18_0, 0, 0, 0.001, 0.001, 0, 0, 0, 0, 0.001
Node_Dorm2_Dorm1_0, 0.002, 0, 0.002, 0.006, 0.002, 0, 0.002, 0, 0.003
Node_Dorm2_Dorm3_0, 0, 0, 0.001, 0.001, 0, 0, 0, 0, 0.001
Node_Dorm2_Dorm4_0, 0, 0, 0.001, 0.001, 0, 0, 0, 0, 0.001
Node_Dorm2_Dorm5_0, 0.001, 0, 0, 0, 0.001, 0, 0.001, 0, 0.001
Node_Eise2_Eise1_0, 0.001, 0, 0.006, 0.006, 0.001, 0, 0.001, 0, 0.007
Node_Eise4_Eise3_0, 0, 0, 0.001, 0.001, 0, 0, 0, 0, 0.001
Node_Elus3_Elus9_0, 0, 0, 0.001, 0.001, 0, 0, 0, 0, 0.001
Node_Elus6_Elus8_0, 0.001, 0, 0.001, 0.001, 0.001, 0, 0.001, 0, 0.002
Node_Elus9_Elus10_0, 0.001, 0, 0.002, 0.002, 0.001, 0, 0.001, 0, 0.003
Node_Erem4_Erem5_0, 0.001, 0, 0.002, 0.002, 0.001, 0, 0.001, 0, 0.003
Node_Erem6_Erem4_0, 0, 0, 0.001, 0.001, 0, 0, 0, 0, 0.001
Node_FCPU1_FCPU2_0, 0.001, 0, 0.002, 0.002, 0.001, 0.001, 0.001, 0, 0.002
Node_Fibr4_Fibr2_0, 0, 0, 0.003, 0.004, 0, 0, 0, 0, 0.003
Node_Fibr4_Fibr6_0, 0, 0, 0.001, 0.002, 0, 0, 0, 0, 0.001
Node_FirmA102_FirmA76_0, 0, 0, 0.002, 0.003, 0, 0, 0, 0, 0.002
Node_FirmA106_FirmA114_0, 0, 0, 0.001, 0.002, 0, 0, 0, 0, 0.001
Node_FirmA109_FirmA95_0, 0, 0, 0.001, 0.002, 0, 0, 0, 0, 0.001
Node_FirmA11_FirmA67_0, 0, 0, 0.001, 0.001, 0, 0, 0, 0, 0.001
Node_FirmA12_FirmA93_0, 0.001, 0, 0.001, 0.001, 0.001, 0, 0.001, 0, 0.002
Node_FirmA14_FirmA113_0, 0, 0, 0.001, 0, 0, 0, 0, 0, 0
Node_FirmA18_FirmA103_0, 0, 0, 0.002, 0.002, 0, 0, 0, 0, 0.001
Node_FirmA20_FirmA100_0, 0, 0, 0.001, 0.001, 0, 0, 0, 0, 0.001
Node_FirmA26_FirmA102_0, 0, 0, 0.001, 0.002, 0, 0, 0, 0, 0.001
Node_FirmA26_FirmA2_0, 0, 0, 0.001, 0.001, 0, 0, 0, 0, 0.001
Node_FirmA26_FirmA41_0, 0.002, 0, 0.001, 0, 0.002, 0, 0.002, 0.001, 0.001
Node_FirmA26_FirmA7_0, 0.002, 0, 0.001, 0.001, 0.002, 0, 0.002, 0, 0.003
Node_FirmA27_FirmA71_0, 0.002, 0, 0.002, 0.004, 0.002, 0, 0.002, 0.001, 0.003
Node_FirmA27_FirmA89_0, 0.001, 0, 0, 0.002, 0.001, 0, 0.001, 0, 0.001
Node_FirmA28_FirmA94_0, 0, 0, 0.001, 0.001, 0, 0, 0, 0, 0.001
Node_FirmA29_FirmA51_0, 0.002, 0, 0.004, 0.007, 0.002, 0, 0.002, 0, 0.005
Node_FirmA43_FirmA39_0, 0.001, 0, 0.001, 0.002, 0.001, 0, 0.001, 0, 0.002
Node_FirmA45_FirmA40_0, 0.001, 0, 0.002, 0.003, 0.001, 0, 0.001, 0.001, 0.002
Node_FirmA50_FirmA70_0, 0, 0, 0.001, 0.001, 0, 0, 0, 0, 0.001
Node_FirmA52_FirmA107_0, 0, 0, 0.002, 0.003, 0, 0, 0, 0, 0.001
Node_FirmA52_FirmA42_0, 0.001, 0, 0.001, 0.001, 0.001, 0, 0.001, 0, 0.002
Node_FirmA53_FirmA35_0, 0, 0, 0.002, 0.002, 0, 0, 0, 0, 0.002
Node_FirmA55_FirmA29_0, 0.001, 0, 0.002, 0.004, 0.001, 0, 0.001, 0, 0.003
Node_FirmA58_FirmA43_0, 0, 0, 0.003, 0.003, 0, 0, 0, 0, 0.003
Node_FirmA59_FirmA36_0, 0.001, 0, 0, 0, 0.001, 0, 0.001, 0.001, 0
Node_FirmA59_FirmA44_0, 0.001, 0, 0.002, 0, 0.001, 0, 0.001, 0, 0.001
Node_FirmA59_FirmA48_0, 0, 0, 0.004, 0.003, 0, 0, 0, 0, 0.003
Node_FirmA60_FirmA74_0, 0, 0, 0.001, 0.001, 0, 0, 0, 0, 0
Node_FirmA61_FirmA66_0, 0.001, 0, 0.002, 0.001, 0.001, 0, 0.001, 0.001, 0.001
Node_FirmA62_FirmA6_0, 0.001, 0, 0, 0, 0.001, 0, 0.001, 0, 0.001
Node_FirmA63_FirmA109_0, 0, 0, 0.003, 0.003, 0, 0, 0, 0, 0.002
Node_FirmA63_FirmA10_0, 0.001, 0, 0, 0.001, 0.001, 0, 0.001, 0, 0.001
Node_FirmA63_FirmA30_0, 0.001, 0, 0.003, 0.002, 0.001, 0, 0.001, 0, 0.003
Node_FirmA63_FirmA45_0, 0.001, 0, 0.001, 0.001, 0.001, 0, 0.001, 0.001, 0.001
Node_FirmA63_FirmA99_0, 0.001, 0, 0.001, 0.001, 0.001, 0, 0.001, 0, 0.002
Node_FirmA64_FirmA33_0, 0, 0, 0.001, 0.001, 0, 0, 0, 0, 0.001
Node_FirmA65_FirmA5_0, 0.001, 0, 0.001, 0.001, 0.001, 0, 0.001, 0, 0.002
Node_FirmA65_FirmA69_0, 0, 0, 0.001, 0, 0, 0, 0, 0, 0
Node_FirmA69_FirmA28_0, 0, 0, 0.001, 0.001, 0, 0, 0, 0, 0.001
Node_FirmA69_FirmA72_0, 0, 0, 0.002, 0.002, 0, 0, 0, 0, 0.002
Node_FirmA7_FirmA12_0, 0, 0, 0.004, 0.004, 0, 0, 0, 0, 0.003
Node_FirmA7_FirmA90_0, 0.001, 0, 0.001, 0.001, 0.001, 0, 0.001, 0.001, 0
Node_FirmA81_FirmA14_0, 0.001, 0, 0.001, 0.002, 0.001, 0, 0.001, 0, 0.002
Node_FirmA81_FirmA19_0, 0, 0, 0.001, 0.002, 0, 0, 0, 0, 0
Node_FirmA83_FirmA11_0, 0, 0, 0.001, 0, 0, 0, 0, 0, 0
Node_FirmA83_FirmA49_0, 0.001, 0, 0, 0, 0.001, 0, 0.001, 0, 0.001
Node_FirmA83_FirmA55_0, 0, 0, 0.002, 0.004, 0, 0, 0, 0, 0.001
Node_FirmA83_FirmA59_0, 0.002, 0, 0, 0, 0.002, 0.001, 0.002, 0.001, 0.001
Node_FirmA83_FirmA65_0, 0.001, 0, 0.001, 0.001, 0.001, 0, 0.001, 0.001, 0
Node_FirmA84_FirmA16_0, 0, 0, 0.001, 0.001, 0, 0, 0, 0, 0.001
Node_FirmA84_FirmA46_0, 0.001, 0, 0, 0, 0.001, 0, 0.001, 0, 0.001
Node_FirmA84_FirmA9_0, 0.001, 0, 0.001, 0.001, 0.001, 0, 0.001, 0.001, 0.001
Node_FirmA85_FirmA60_0, 0.001, 0, 0.001, 0.004, 0.001, 0.001, 0.001, 0, 0.001
Node_FirmA86_FirmA61_0, 0.002, 0, 0, 0.001, 0.002, 0, 0.002, 0, 0.002
Node_FirmA87_FirmA106_0, 0, 0, 0.001, 0.001, 0, 0, 0, 0, 0.001
Node_FirmA87_FirmA62_0, 0, 0, 0.001, 0.001, 0, 0, 0, 0, 0.001
Node_FirmA87_FirmA96_0, 0, 0, 0.001, 0.001, 0, 0, 0, 0, 0.001
Node_FirmA88_FirmA101_0, 0, 0, 0.003, 0.003, 0, 0, 0, 0, 0.003
Node_FirmA89_FirmA105_0, 0.002, 0, 0.002, 0.003, 0.002, 0, 0.002, 0, 0.003
Node_FirmA89_FirmA110_0, 0.002, 0, 0.004, 0.005, 0.002, 0, 0.002, 0, 0.004
Node_FirmA89_FirmA21_0, 0, 0, 0.001, 0, 0, 0, 0, 0, 0
Node_FirmA89_FirmA31_0, 0.001, 0, 0.002, 0.002, 0.001, 0, 0.001, 0, 0.003
Node_FirmA89_FirmA53_0, 0, 0, 0.002, 0.002, 0, 0, 0, 0, 0.002
Node_FirmA89_FirmA68_0, 0.001, 0, 0.001, 0.002, 0.001, 0, 0.001, 0, 0.001
Node_FirmA90_FirmA112_0, 0, 0, 0.002, 0.001, 0, 0, 0, 0, 0.001
Node_FirmA92_FirmA54_0, 0.001, 0, 0, 0, 0.001, 0, 0.001, 0, 0.001
Node_FirmA94_FirmA75_0, 0.001, 0, 0, 0, 0.001, 0, 0.001, 0, 0.001
Node_FirmA99_FirmA18_0, 0.001, 0, 0.002, 0.002, 0.001, 0, 0.001, 0, 0.002
Node_FirmB16_FirmB13_0, 0.001, 0, 0.002, 0.002, 0.001, 0, 0.001, 0, 0.003
Node_FirmB17_FirmB15_0, 0.002, 0, 0.003, 0.004, 0.002, 0, 0.002, 0.001, 0.004
Node_FirmB2_FirmB11_0, 0, 0, 0.003, 0.002, 0, 0, 0, 0, 0.001
Node_FirmB2_FirmB12_0, 0.002, 0, 0, 0, 0.002, 0, 0.002, 0, 0.002
Node_FirmB3_FirmB14_0, 0.001, 0, 0, 0, 0.001, 0, 0.001, 0, 0.001
Node_FirmB4_FirmB17_0, 0.001, 0, 0.002, 0.002, 0.001, 0, 0.001, 0, 0.003
Node_FirmB4_FirmB1_0, 0, 0, 0.003, 0.003, 0, 0, 0, 0, 0.003
Node_FirmB6_FirmB7_0, 0, 0, 0.001, 0.001, 0, 0, 0, 0, 0.001
Node_FirmB8_FirmB5_0, 0, 0, 0.002, 0.002, 0, 0, 0, 0, 0.002
Node_FirmB9_FirmB10_0, 0, 0, 0.003, 0.003, 0, 0, 0, 0, 0.003
Node_FirmB9_FirmB2_0, 0, 0, 0.001, 0.001, 0, 0, 0, 0, 0.001
Node_FirmC10_FirmC14_0, 0.001, 0, 0, 0, 0.001, 0, 0.001, 0, 0.001
Node_FirmC10_FirmC18_0, 0, 0, 0.004, 0.004, 0, 0, 0, 0, 0.002
Node_FirmC10_FirmC19_0, 0.002, 0, 0.002, 0.002, 0.002, 0, 0.002, 0, 0.004
Node_FirmC11_FirmC3_0, 0, 0, 0.003, 0.004, 0, 0, 0, 0, 0.003
Node_FirmC13_FirmC10_0, 0, 0, 0.001, 0.001, 0, 0, 0, 0, 0.001
Node_FirmC13_FirmC17_0, 0.001, 0, 0.001, 0.002, 0.001, 0, 0.001, 0, 0.002
Node_FirmC15_FirmC12_0, 0, 0, 0.003, 0.003, 0, 0, 0, 0, 0.001
Node_FirmC1_FirmC4_0, 0.001, 0, 0.002, 0.002, 0.001, 0, 0.001, 0, 0.003
Node_FirmC6_FirmC16_0, 0, 0, 0.002, 0.002, 0, 0, 0, 0, 0.002
Node_FirmC6_FirmC1_0, 0, 0, 0.003, 0.004, 0, 0, 0, 0, 0.002
Node_FirmC8_FirmC11_0, 0, 0, 0.001, 0, 0, 0, 0, 0, 0
Node_FirmC8_FirmC15_0, 0.002, 0, 0.001, 0.001, 0.002, 0, 0.002, 0, 0.003
Node_FirmC8_FirmC6_0, 0.001, 0, 0.001, 0.001, 0.001, 0, 0.001, 0, 0.002
Node_FirmD4_FirmD2_0, 0, 0, 0.002, 0.002, 0, 0.001, 0, 0, 0
Node_FirmE7_FirmE1_0, 0, 0, 0.001, 0.001, 0, 0, 0, 0, 0.001
Node_FirmE7_FirmE8_0, 0, 0, 0.005, 0.007, 0, 0, 0, 0, 0.005
Node_FirmF2_FirmF3_0, 0.001, 0, 0.001, 0.001, 0.001, 0, 0.001, 0, 0.002
Node_FirmG5_FirmG1_0, 0, 0, 0.001, 0.001, 0, 0, 0, 0, 0
Node_FirmG5_FirmG2_0, 0.001, 0, 0, 0, 0.001, 0, 0.001, 0, 0.001
Node_Firms11_Firms17_0, 0.172, 0, 0, 0.03, 0.172, 0, 0.172, 0, 0.172
Node_Firms13_Firms1_0, 0, 0, 0.001, 0.001, 0, 0, 0, 0, 0.001
Node_Firms20_Firms29_0, 0, 0, 0.002, 0.002, 0, 0, 0, 0, 0.002
Node_Firms23_Firms18_0, 0, 0, 0.002, 0.003, 0, 0, 0, 0, 0.002
Node_Firms24_Firms26_0, 0, 0, 0.004, 0.003, 0, 0, 0, 0, 0.001
Node_Firms30_Firms31_0, 0, 0, 0.001, 0.001, 0, 0, 0, 0, 0.001
Node_Firms32_Firms25_0, 0, 0, 0.003, 0.003, 0, 0, 0, 0, 0.002
Node_Firms33_FirmA83_0, 0.001, 0, 0, 0, 0.001, 0.001, 0.001, 0.001, 0
Node_Firms33_FirmD1_0, 0.001, 0, 0, 0, 0.001, 0, 0.001, 0.001, 0
Node_Firms33_FirmD4_0, 0.001, 0, 0, 0.002, 0.001, 0, 0.001, 0.001, 0
Node_Firms33_Firms13_0, 0, 0, 0.001, 0, 0, 0, 0, 0, 0
Node_Firms33_Firms23_0, 0, 0, 0.005, 0.004, 0, 0, 0, 0, 0.004
Node_Firms33_Firms2_0, 0.001, 0, 0, 0, 0.001, 0, 0.001, 0, 0.001
Node_Firms33_Firms32_0, 0.001, 0, 0.002, 0.001, 0.001, 0, 0.001, 0, 0.002
Node_Firms33_Firms5_0, 0, 0, 0.001, 0.001, 0, 0, 0, 0, 0.001
Node_Firms33_Firms6_0, 0.001, 0, 0.003, 0, 0.001, 0, 0.001, 0.001, 0
Node_Firms33_Firms8_0, 0.004, 0, 0, 0.004, 0.004, 0.001, 0.004, 0.002, 0.002
Node_Firms8_Firms24_0, 0.003, 0, 0.033, 0.01, 0.003, 0, 0.003, 0.003, 0.001
Node_Firms8_Firms4_0, 0.035, 0, 0, 0.02, 0.035, 0, 0.035, 0.004, 0.031
Node_Gemm2_Gemm4_0, 0, 0, 0.003, 0.004, 0, 0, 0, 0, 0.003
Node_Gemm3_Gemm6_0, 0.001, 0, 0.004, 0.004, 0.001, 0, 0.001, 0, 0.004
Node_Gemm5_Gemm9_0, 0.001, 0, 0, 0, 0.001, 0, 0.001, 0, 0.001
Node_Gemm9_Gemm2_0, 0, 0, 0.001, 0.001, 0, 0, 0, 0, 0
Node_Gemm9_Gemm3_0, 0.001, 0, 0, 0, 0.001, 0, 0.001, 0, 0.001
Node_Hydr2_Hydr1_0, 0.001, 0, 0.001, 0.001, 0.001, 0, 0.001, 0, 0.002
Node_KSB1X2_KSB1X4_0, 0, 0, 0.001, 0.001, 0, 0, 0, 0, 0.001
Node_KSB1X3_KSB1X1_0, 0.001, 0, 0, 0, 0.001, 0, 0.001, 0.001, 0
Node_Lind1_Lind4_0, 0, 0, 0.001, 0.002, 0, 0.001, 0, 0, 0
Node_Marg1_Marg6_0, 0.001, 0, 0, 0, 0.001, 0, 0.001, 0, 0.001
Node_Marg2_Marg7_0, 0, 0, 0.001, 0.001, 0, 0, 0, 0, 0.001
Node_Mari3_Mari2_0, 0.001, 0, 0, 0, 0.001, 0, 0.001, 0, 0.001
Node_Mari6_Mari1_0, 0.001, 0, 0, 0, 0.001, 0, 0.001, 0, 0.001
Node_Meth2_Meth1_0, 0, 0, 0.003, 0.003, 0, 0, 0, 0, 0.002
Node_Meth4_Meth3_0, 0.002, 0, 0.002, 0.002, 0.002, 0, 0.002, 0, 0.004
Node_Meth5_Meth2_0, 0.001, 0, 0, 0, 0.001, 0, 0.001, 0, 0.001
Node_Meth5_Meth4_0, 0, 0, 0.002, 0.002, 0, 0, 0, 0, 0.001
Node_MyxA1_MyxA2_0, 0.001, 0, 0.001, 0.001, 0.001, 0, 0.001, 0, 0.002
Node_MyxA2_MyxA3_0, 0, 0, 0.002, 0.001, 0, 0, 0, 0, 0.001
Node_Myxo10_Myxo15_0, 0.044, 0, 0, 0.004, 0.044, 0, 0.044, 0.003, 0.041
Node_Myxo10_Myxo17_0, 0.003, 0, 0, 0, 0.003, 0, 0.003, 0, 0.003
Node_Myxo11_Myxo13_0, 0.003, 0, 0, 0, 0.003, 0, 0.003, 0, 0.003
Node_Myxo14_Myxo5_0, 0, 0, 0.001, 0.001, 0, 0, 0, 0, 0.001
Node_Myxo14_Myxo6_0, 0, 0, 0.001, 0.001, 0, 0, 0, 0, 0.001
Node_Myxo15_Myxo18_0, 0.215, 0, 0.003, 0.033, 0.215, 0, 0.215, 0.043, 0.174
Node_Myxo17_Myxo19_0, 0.001, 0, 0.004, 0.002, 0.001, 0, 0.001, 0, 0.002
Node_Nitr10_Nitr3_0, 0, 0, 0.003, 0.004, 0, 0, 0, 0, 0.002
Node_Nitr10_Nitr4_0, 0.001, 0, 0.001, 0.002, 0.001, 0, 0.001, 0, 0.002
Node_Nitr10_Nitr6_0, 0, 0, 0.001, 0.001, 0, 0, 0, 0, 0.001
Node_Nitr14_Nitr12_0, 0, 0, 0.001, 0.002, 0, 0, 0, 0, 0.001
Node_Nitr14_Nitr13_0, 0, 0, 0.001, 0.001, 0, 0, 0, 0, 0.001
Node_Nitr14_Nitr16_0, 0, 0, 0.002, 0.002, 0, 0, 0, 0, 0.002
Node_Nitr16_Nitr11_0, 0, 0, 0.003, 0.005, 0, 0, 0, 0, 0.002
Node_Nitr16_Nitr17_0, 0.001, 0, 0.001, 0.001, 0.001, 0, 0.001, 0, 0.002
Node_Nitr17_Nitr5_0, 0, 0, 0.001, 0, 0, 0, 0, 0, 0
Node_Nits1_Nits3_0, 0, 0, 0.003, 0.004, 0, 0, 0, 0, 0.002
Node_Nits4_Nits2_0, 0, 0, 0.002, 0.002, 0, 0, 0, 0, 0.002
Node_NitsA1_NitsA2_0, 0, 0, 0.003, 0.004, 0, 0, 0, 0, 0.003
Node_NitsA3_Nits1_0, 0.001, 0, 0, 0, 0.001, 0, 0.001, 0, 0.001
Node_Omni4_Omni2_0, 0.001, 0, 0, 0, 0.001, 0, 0.001, 0, 0.001
Node_Omni8_Omni6_0, 0.001, 0, 0, 0, 0.001, 0, 0.001, 0, 0.001
Node_Pate13_Pate34_0, 0, 0, 0.003, 0.003, 0, 0, 0, 0, 0.003
Node_Pate13_Pate6_0, 0, 0, 0.001, 0.001, 0, 0, 0, 0, 0.001
Node_Pate18_Pate9_0, 0, 0, 0.001, 0.002, 0, 0, 0, 0, 0.001
Node_Pate19_Pate37_0, 0.001, 0, 0, 0, 0.001, 0, 0.001, 0, 0.001
Node_Pate19_Pate4_0, 0, 0, 0.001, 0.001, 0, 0, 0, 0, 0.001
Node_Pate40_Pate55_0, 0, 0, 0.001, 0.001, 0, 0, 0, 0, 0.001
Node_Pate40_Pate7_0, 0, 0, 0.002, 0, 0, 0, 0, 0, 0
Node_Pate43_Pate22_0, 0, 0, 0.001, 0.001, 0, 0.001, 0, 0, 0
Node_Pate43_Pate3_0, 0.001, 0, 0, 0, 0.001, 0, 0.001, 0, 0.001
Node_Pate43_Pate44_0, 0.001, 0, 0.001, 0.001, 0.001, 0, 0.001, 0.001, 0.001
Node_Pate43_Pate57_0, 0.001, 0, 0.001, 0, 0.001, 0, 0.001, 0, 0.001
Node_Pate44_Pate52_0, 0, 0, 0.003, 0.003, 0, 0, 0, 0, 0.002
Node_Pate48_Pate30_0, 0, 0, 0.002, 0.002, 0, 0, 0, 0, 0
Node_Pate48_Pate40_0, 0.002, 0, 0, 0, 0.002, 0.002, 0.002, 0.002, 0
Node_Pate49_Pate41_0, 0, 0, 0.001, 0.001, 0, 0, 0, 0, 0.001
Node_Pate51_Pate27_0, 0.001, 0, 0, 0, 0.001, 0, 0.001, 0, 0.001
Node_Pate51_Pate53_0, 0, 0, 0.001, 0.001, 0, 0, 0, 0, 0.001
Node_Pate54_Pate31_0, 0.001, 0, 0.001, 0.001, 0.001, 0, 0.001, 0, 0.002
Node_Pate9_Pate36_0, 0.001, 0, 0.001, 0.002, 0.001, 0, 0.001, 0, 0.002
Node_Plan22_Plan2_0, 0.001, 0, 0, 0.001, 0.001, 0, 0.001, 0, 0.001
Node_Plan26_Plan5_0, 0, 0, 0.001, 0.001, 0, 0, 0, 0, 0.001
Node_Plan32_Plan12_0, 0, 0, 0.002, 0.002, 0, 0, 0, 0, 0.002
Node_Plan32_Plan3_0, 0, 0, 0.002, 0.002, 0, 0, 0, 0, 0.002
Node_Plan42_Plan40_0, 0.001, 0, 0.001, 0.001, 0.001, 0, 0.001, 0, 0.002
Node_ProtA11_ProtA32_0, 0, 0, 0.002, 0.002, 0, 0, 0, 0, 0.002
Node_ProtA12_ProtA44_0, 0.001, 0, 0.003, 0.002, 0.001, 0, 0.001, 0, 0.002
Node_ProtA12_ProtA54_0, 0, 0, 0.002, 0.001, 0, 0, 0, 0, 0.001
Node_ProtA13_ProtA24_0, 0.001, 0, 0, 0, 0.001, 0, 0.001, 0, 0.001
Node_ProtA13_ProtA61_0, 0.001, 0, 0.001, 0, 0.001, 0, 0.001, 0, 0.001
Node_ProtA13_ProtA77_0, 0, 0, 0.002, 0.001, 0, 0, 0, 0, 0
Node_ProtA15_ProtA42_0, 0.001, 0, 0, 0, 0.001, 0, 0.001, 0, 0.001
Node_ProtA15_ProtA70_0, 0, 0, 0.001, 0.001, 0, 0, 0, 0, 0.001
Node_ProtA16_ProtA33_0, 0, 0, 0.002, 0.004, 0, 0, 0, 0, 0.002
Node_ProtA16_ProtA66_0, 0, 0, 0.002, 0.002, 0, 0, 0, 0, 0.002
Node_ProtA18_ProtA10_0, 0, 0, 0.001, 0.001, 0, 0, 0, 0, 0.001
Node_ProtA18_ProtA29_0, 0, 0, 0.005, 0, 0, 0, 0, 0, 0
Node_ProtA18_ProtA53_0, 0.005, 0, 0.001, 0.001, 0.005, 0, 0.005, 0, 0.006
Node_ProtA19_ProtA3_0, 0.002, 0, 0, 0, 0.002, 0, 0.002, 0, 0.002
Node_ProtA19_ProtA46_0, 0, 0, 0.002, 0.002, 0, 0, 0, 0, 0.001
Node_ProtA19_ProtA49_0, 0, 0, 0.001, 0.001, 0, 0, 0, 0, 0.001
Node_ProtA19_ProtA68_0, 0.001, 0, 0.002, 0.001, 0.001, 0, 0.001, 0.001, 0.001
Node_ProtA19_ProtA74_0, 0.001, 0, 0.001, 0.002, 0.001, 0, 0.001, 0.001, 0.001
Node_ProtA20_ProtA5_0, 0, 0, 0.001, 0.001, 0, 0, 0, 0, 0.001
Node_ProtA30_ProtA35_0, 0, 0, 0.003, 0.003, 0, 0, 0, 0, 0.002
Node_ProtA34_Acid38_0, 0, 0, 0.001, 0.001, 0, 0.001, 0, 0, 0
Node_ProtA34_ProtA13_0, 0.002, 0, 0, 0, 0.002, 0, 0.002, 0, 0.002
Node_ProtA34_ProtA26_0, 0, 0, 0.001, 0, 0, 0, 0, 0, 0
Node_ProtA34_ProtA40_0, 0.002, 0, 0.002, 0.002, 0.002, 0, 0.002, 0, 0.002
Node_ProtA34_ProtA43_0, 0.001, 0, 0.003, 0.002, 0.001, 0, 0.001, 0, 0.002
Node_ProtA34_ProtA9_0, 0.001, 0, 0, 0, 0.001, 0, 0.001, 0, 0.001
Node_ProtA34_ProtG30_0, 0.001, 0, 0, 0, 0.001, 0.001, 0.001, 0.001, 0
Node_ProtA34_ProtM1_0, 0, 0, 0.001, 0, 0, 0, 0, 0, 0
Node_ProtA38_ProtA15_0, 0, 0, 0.001, 0.001, 0, 0, 0, 0, 0.001
Node_ProtA38_ProtA41_0, 0.001, 0, 0.002, 0.002, 0.001, 0, 0.001, 0, 0.003
Node_ProtA39_ProtA12_0, 0.002, 0, 0.001, 0.001, 0.002, 0, 0.002, 0, 0.002
Node_ProtA39_ProtA30_0, 0.001, 0, 0, 0, 0.001, 0, 0.001, 0, 0.001
Node_ProtA39_ProtA36_0, 0, 0, 0.002, 0.002, 0, 0, 0, 0, 0
Node_ProtA3_ProtA72_0, 0.001, 0, 0.003, 0.003, 0.001, 0, 0.001, 0, 0.003
Node_ProtA3_ProtA76_0, 0.001, 0, 0.001, 0, 0.001, 0, 0.001, 0.001, 0
Node_ProtA40_ProtA67_0, 0, 0, 0.002, 0.001, 0, 0, 0, 0, 0
Node_ProtA47_ProtA63_0, 0.179, 0, 0.003, 0.018, 0.179, 0, 0.179, 0.036, 0.146
Node_ProtA53_ProtA58_0, 0.032, 0, 0.001, 0.006, 0.032, 0, 0.032, 0.005, 0.028
Node_ProtA56_ProtA52_0, 0, 0, 0.002, 0.002, 0, 0, 0, 0, 0.002
Node_ProtA68_ProtA2_0, 0, 0, 0.002, 0.001, 0, 0, 0, 0, 0.001
Node_ProtA69_ProtA50_0, 0.001, 0, 0, 0, 0.001, 0, 0.001, 0, 0.001
Node_ProtA70_ProtA57_0, 0, 0, 0.001, 0.002, 0, 0, 0, 0, 0.001
Node_ProtA76_ProtA47_0, 0.036, 0, 0.002, 0.003, 0.036, 0, 0.036, 0.005, 0.033
Node_ProtA76_ProtA48_0, 0.005, 0, 0.001, 0.003, 0.005, 0, 0.005, 0, 0.005
Node_ProtA76_ProtA62_0, 0.003, 0, 0.034, 0.012, 0.003, 0, 0.003, 0.003, 0.001
Node_ProtA76_ProtA71_0, 0, 0, 0.003, 0.001, 0, 0, 0, 0, 0
Node_ProtA77_ProtA31_0, 0, 0, 0.001, 0.001, 0, 0, 0, 0, 0.001
Node_ProtA9_ProtA60_0, 0.013, 0, 0, 0.004, 0.013, 0, 0.013, 0.001, 0.012
Node_ProtG12_ProtG5_0, 0.251, 0, 0.004, 0.026, 0.251, 0, 0.251, 0.094, 0.157
Node_ProtG16_ProtG17_0, 0.166, 0, 0.723, 0.463, 0.166, 0, 0.166, 0.166, 0.001
Node_ProtG18_ProtG10_0, 0.257, 0, 0.03, 0.037, 0.243, 0, 0.257, 0.108, 0.15
Node_ProtG18_ProtG12_0, 0.098, 0, 0.189, 0.01, 0.097, 0, 0.098, 0.068, 0.03
Node_ProtG18_ProtG14_0, 0.137, 0, 0.811, 0.172, 0.134, 0, 0.137, 0.112, 0.025
Node_ProtG18_ProtG21_0, 0.007, 0, 0.092, 0.023, 0.007, 0, 0.007, 0.007, 0.001
Node_ProtG24_ProtG18_0, 0.923, 0, 0.002, 0.127, 0.914, 0, 0.923, 0.877, 0.046
Node_ProtG25_ProtG9_0, 0, 0, 0.009, 0.003, 0, 0, 0, 0, 0.001
Node_ProtG29_ProtG76_0, 0.001, 0, 0.001, 0.001, 0.001, 0, 0.001, 0, 0.001
Node_ProtG30_ProtG31_0, 0.979, 0, 0.018, 0.039, 0.979, 0, 0.979, 0.979, 0
Node_ProtG30_ProtG34_0, 0.07, 0, 0.909, 0.072, 0.07, 0, 0.07, 0.07, 0
Node_ProtG30_ProtG35_0, 0.049, 0, 0.021, 0.029, 0.049, 0, 0.049, 0.049, 0
Node_ProtG30_ProtG42_0, 0.921, 0, 0.002, 0.05, 0.921, 0.018, 0.921, 0.921, 0
Node_ProtG30_ProtG49_0, 0.003, 0, 0.036, 0.008, 0.003, 0, 0.003, 0.003, 0.001
Node_ProtG30_ProtG50_0, 0.997, 0, 0, 0.071, 0.997, 0.066, 0.997, 0.987, 0.01
Node_ProtG30_ProtG64_0, 0, 0, 0.002, 0.001, 0, 0, 0, 0, 0.001
Node_ProtG30_ProtG71_0, 0.035, 0, 0, 0.005, 0.035, 0.026, 0.035, 0.035, 0
Node_ProtG30_ProtG80_0, 0.199, 0, 0, 0.027, 0.199, 0.155, 0.199, 0.19, 0.009
Node_ProtG30_ProtG84_0, 0.038, 0, 0.013, 0.018, 0.038, 0, 0.038, 0.036, 0.002
Node_ProtG30_ProtG85_0, 0.905, 0, 0, 0.062, 0.905, 0.685, 0.905, 0.884, 0.021
Node_ProtG30_ProtG87_0, 0.001, 0, 0.004, 0.003, 0.001, 0, 0.001, 0.001, 0.002
Node_ProtG30_ProtZ3_0, 0.009, 0, 0, 0.001, 0.009, 0.004, 0.009, 0.009, 0
Node_ProtG30_ProtZ5_0, 0.005, 0, 0, 0, 0.005, 0.004, 0.005, 0.005, 0
Node_ProtG31_ProtG16_0, 0.888, 0, 0.075, 0.529, 0.888, 0, 0.888, 0.887, 0.001
Node_ProtG31_ProtG32_0, 0.986, 0, 0.002, 0.035, 0.985, 0, 0.986, 0.977, 0.009
Node_ProtG31_ProtG36_0, 0.966, 0, 0.002, 0.014, 0.966, 0.001, 0.966, 0.963, 0.003
Node_ProtG31_ProtG44_0, 0.873, 0, 0.017, 0.678, 0.873, 0, 0.873, 0.871, 0.002
Node_ProtG31_ProtG45_0, 0.964, 0, 0.023, 0.021, 0.964, 0, 0.964, 0.964, 0.001
Node_ProtG31_ProtG47_0, 0.962, 0, 0.001, 0.037, 0.961, 0, 0.962, 0.949, 0.013
Node_ProtG31_ProtG61_0, 0.95, 0, 0.017, 0.03, 0.95, 0, 0.95, 0.949, 0.001
Node_ProtG32_ProtG26_0, 0.003, 0, 0.021, 0.01, 0.003, 0, 0.003, 0.003, 0.001
Node_ProtG32_ProtG33_0, 0.973, 0, 0.013, 0.101, 0.972, 0, 0.973, 0.973, 0
Node_ProtG32_ProtG37_0, 0.091, 0, 0.882, 0.151, 0.091, 0, 0.091, 0.091, 0
Node_ProtG32_ProtG43_0, 0.023, 0, 0.072, 0.036, 0.023, 0, 0.023, 0.021, 0.004
Node_ProtG33_ProtG48_0, 0.145, 0, 0.841, 0.186, 0.144, 0, 0.145, 0.138, 0.007
Node_ProtG33_ProtG67_0, 0.979, 0, 0.001, 0.106, 0.977, 0, 0.979, 0.972, 0.007
Node_ProtG33_ProtG7_0, 0.135, 0, 0.073, 0.098, 0.133, 0, 0.135, 0.072, 0.063
Node_ProtG35_ProtG81_0, 0.01, 0, 0.039, 0.01, 0.01, 0, 0.01, 0.01, 0
Node_ProtG36_ProtG20_0, 0.009, 0, 0.071, 0.051, 0.009, 0, 0.009, 0.009, 0.001
Node_ProtG36_ProtG24_0, 0.879, 0, 0.007, 0.143, 0.877, 0, 0.879, 0.875, 0.005
Node_ProtG36_ProtG38_0, 0.881, 0, 0.088, 0.144, 0.881, 0, 0.881, 0.878, 0.003
Node_ProtG36_ProtG65_0, 0.079, 0, 0.801, 0.149, 0.079, 0, 0.079, 0.078, 0.001
Node_ProtG37_ProtG41_0, 0.002, 0, 0.003, 0.003, 0.002, 0, 0.002, 0.002, 0.001
Node_ProtG37_ProtG51_0, 0, 0, 0.004, 0.004, 0, 0, 0, 0, 0.002
Node_ProtG37_ProtG53_0, 0.027, 0, 0.066, 0.034, 0.027, 0, 0.027, 0.025, 0.002
Node_ProtG37_ProtG8_0, 0.004, 0, 0.023, 0.008, 0.004, 0, 0.004, 0.004, 0
Node_ProtG38_ProtG28_0, 0.057, 0, 0.824, 0.181, 0.057, 0, 0.057, 0.057, 0
Node_ProtG38_ProtG46_0, 0.007, 0, 0.05, 0.035, 0.007, 0, 0.007, 0.007, 0
Node_ProtG41_ProtG40_0, 0, 0, 0.002, 0, 0, 0, 0, 0, 0
Node_ProtG42_ProtG74_0, 0.015, 0, 0.906, 0.039, 0.015, 0, 0.015, 0.015, 0
Node_ProtG43_ProtG55_0, 0.004, 0, 0.019, 0.011, 0.004, 0, 0.004, 0.004, 0
Node_ProtG44_ProtG22_0, 0.899, 0, 0.004, 0.714, 0.899, 0, 0.899, 0.871, 0.03
Node_ProtG45_ProtG66_0, 0.008, 0, 0.957, 0.023, 0.008, 0, 0.008, 0.008, 0.001
Node_ProtG45_ProtG75_0, 0.001, 0, 0.007, 0.006, 0.001, 0, 0.001, 0.001, 0
Node_ProtG47_ProtG62_0, 0.964, 0, 0.007, 0.038, 0.964, 0, 0.964, 0.955, 0.009
Node_ProtG48_ProtG1_0, 0.028, 0, 0.118, 0.052, 0.028, 0, 0.028, 0.028, 0.001
Node_ProtG48_ProtG25_0, 0.008, 0, 0.021, 0.019, 0.008, 0, 0.008, 0.008, 0.001
Node_ProtG48_ProtG6_0, 0.004, 0, 0.005, 0.006, 0.004, 0, 0.004, 0.003, 0.001
Node_ProtG49_ProtG29_0, 0.001, 0, 0.003, 0.003, 0.001, 0, 0.001, 0.001, 0.001
Node_ProtG53_ProtG27_0, 0.004, 0, 0.023, 0.013, 0.004, 0, 0.004, 0.004, 0
Node_ProtG53_ProtG70_0, 0.001, 0, 0.004, 0.003, 0.001, 0, 0.001, 0.001, 0.001
Node_ProtG58_ProtG59_0, 0.868, 0, 0.053, 0.717, 0.868, 0, 0.868, 0.866, 0.002
Node_ProtG59_ProtG73_0, 0.899, 0, 0.004, 0.167, 0.898, 0, 0.899, 0.866, 0.035
Node_ProtG61_ProtG60_0, 0.001, 0, 0.008, 0.007, 0.001, 0, 0.001, 0.001, 0.002
Node_ProtG61_ProtG72_0, 0.036, 0, 0.914, 0.072, 0.036, 0, 0.036, 0.036, 0
Node_ProtG61_ProtG78_0, 0.007, 0, 0.029, 0.031, 0.007, 0, 0.007, 0.007, 0
Node_ProtG62_ProtG77_0, 0.014, 0, 0.95, 0.051, 0.014, 0, 0.014, 0.014, 0
Node_ProtG65_ProtG69_0, 0.01, 0, 0.071, 0.043, 0.01, 0, 0.01, 0.01, 0.002
Node_ProtG66_ProtG68_0, 0.001, 0, 0.008, 0.004, 0.001, 0, 0.001, 0, 0.001
Node_ProtG67_ProtG63_0, 1.004, 0, 0.001, 0.102, 1, 0, 1.004, 0.978, 0.026
Node_ProtG80_ProtG57_0, 0.118, 0, 0.187, 0.047, 0.117, 0, 0.118, 0.013, 0.106
Node_ProtG81_ProtG79_0, 0, 0, 0.01, 0.006, 0, 0, 0, 0, 0
Node_ProtG83_ProtG52_0, 0.8, 0, 0.008, 0.284, 0.8, 0, 0.8, 0.77, 0.03
Node_ProtG83_ProtG89_0, 0.778, 0, 0.002, 0.058, 0.777, 0, 0.778, 0.14, 0.64
Node_ProtG84_ProtG11_0, 0.003, 0, 0.137, 0.021, 0.003, 0, 0.003, 0.003, 0
Node_ProtG84_ProtG83_0, 0.14, 0, 0.002, 0.016, 0.14, 0, 0.14, 0.046, 0.094
Node_ProtG84_ProtG90_0, 0.048, 0, 0.005, 0.008, 0.048, 0, 0.048, 0.033, 0.015
Node_ProtG85_ProtG56_0, 0.886, 0, 0.003, 0.002, 0.884, 0, 0.886, 0.856, 0.03
Node_ProtG85_ProtG58_0, 0.919, 0, 0.014, 0.044, 0.917, 0.003, 0.919, 0.895, 0.025
Node_ProtG85_ProtG86_0, 0.039, 0, 0.882, 0.012, 0.039, 0, 0.039, 0.006, 0.035
Node_ProtG85_ProtG88_0, 0.859, 0, 0.065, 0.027, 0.857, 0, 0.859, 0.854, 0.005
Node_ProtG85_ProtG91_0, 0.002, 0, 0.039, 0.01, 0.002, 0, 0.002, 0.002, 0.002
Node_ProtG86_ProtG82_0, 0.158, 0, 0.007, 0.023, 0.158, 0, 0.158, 0.034, 0.126
Node_ProtG87_ProtG3_0, 0, 0, 0.002, 0.002, 0, 0, 0, 0, 0.001
Node_ProtG87_ProtG4_0, 0.001, 0, 0.001, 0.001, 0.001, 0, 0.001, 0.001, 0.001
Node_ProtG89_ProtG13_0, 0.823, 0, 0.014, 0.007, 0.822, 0, 0.823, 0.766, 0.059
Node_ProtG90_ProtG54_0, 0.002, 0, 0.047, 0.013, 0.002, 0, 0.002, 0.002, 0.001
Node_ProtM1_ProtM2_0, 0.001, 0, 0.002, 0.002, 0.001, 0, 0.001, 0, 0.002
Node_ProtM1_ProtM3_0, 0.001, 0, 0.001, 0.001, 0.001, 0, 0.001, 0, 0.002
Node_ProtZ1_ProtZ4_0, 0, 0, 0.002, 0.003, 0, 0, 0, 0, 0.002
Node_ProtZ3_ProtZ2_0, 0, 0, 0.011, 0.005, 0, 0.001, 0, 0, 0.001
Node_SM23X1_KSB1X3_0, 0.001, 0, 0, 0.001, 0.001, 0, 0.001, 0, 0.001
Node_Spir10_Spir3_0, 0, 0, 0.001, 0.001, 0, 0, 0, 0, 0.001
Node_Spir13_Spir2_0, 0, 0, 0.001, 0.001, 0, 0, 0, 0, 0.001
Node_Syne1_Calda2_0, 0.001, 0, 0, 0.001, 0.001, 0, 0.001, 0.001, 0
Node_Syne1_Cyan40_0, 0.001, 0, 0, 0, 0.001, 0, 0.001, 0.001, 0
Node_Syne1_Dein5_0, 0.001, 0, 0, 0, 0.001, 0, 0.001, 0.001, 0
Node_Syne1_Syne2_0, 0, 0, 0.002, 0.002, 0, 0, 0, 0, 0.002
Node_Syne1_Syne4_0, 0, 0, 0.001, 0, 0, 0, 0, 0, 0
Node_Syne1_Syne9_0, 0.001, 0, 0, 0.002, 0.001, 0, 0.001, 0.001, 0
Node_Syne2_Syne8_0, 0, 0, 0.003, 0.003, 0, 0, 0, 0, 0.003
Node_Syne8_Syne3_0, 0.001, 0, 0.001, 0.002, 0.001, 0, 0.001, 0, 0.002
Node_Therg8_Therg2_0, 0, 0, 0.001, 0.001, 0, 0.001, 0, 0, 0
Node_Therg8_Therg3_0, 0, 0, 0.001, 0.001, 0, 0, 0, 0, 0.001
Node_Therg8_Therg6_0, 0, 0, 0.001, 0.001, 0, 0, 0, 0, 0.001
Node_UBA1X2_UBA1X3_0, 0.001, 0, 0.001, 0.001, 0.001, 0, 0.001, 0, 0.002
Node_UBA1X2_UBA1X5_0, 0, 0, 0.001, 0, 0, 0, 0, 0, 0
Node_UBA1X5_UBA1X4_0, 0.002, 0, 0.002, 0.002, 0.002, 0, 0.002, 0, 0.004
Node_UBA1X6_UBA1X1_0, 0, 0, 0.003, 0.005, 0, 0, 0, 0, 0.003
Node_UBA1X6_UBA1X2_0, 0, 0, 0.001, 0.001, 0, 0.001, 0, 0, 0
Node_UBA9X3_UBA9X2_0, 0, 0, 0.001, 0.001, 0, 0, 0, 0, 0.001
Node_Verr11_Aure2_0, 0.003, 0, 0, 0.002, 0.003, 0.001, 0.003, 0.003, 0
Node_Verr11_Aure3_0, 0.002, 0, 0, 0.001, 0.002, 0.002, 0.002, 0.002, 0
Node_Verr11_Verr12_0, 0.978, 0, 0.008, 0.826, 0.978, 0, 0.978, 0.972, 0.008
Node_Verr11_Verr14_0, 0.978, 0, 0.001, 0.067, 0.978, 0, 0.978, 0.122, 0.857
Node_Verr11_Verr7_0, 0.026, 0, 0, 0, 0.026, 0, 0.026, 0.021, 0.005
Node_Verr11_Verr8_0, 0.021, 0, 0, 0.001, 0.021, 0.001, 0.021, 0.004, 0.017
Node_Verr11_Verr9_0, 0.122, 0, 0, 0.012, 0.122, 0, 0.122, 0.026, 0.096
Node_Verr3_Verr10_0, 0.087, 0, 0.001, 0.013, 0.087, 0, 0.087, 0.024, 0.064
Node_Verr5_Verr6_0, 0.003, 0, 0.019, 0.001, 0.003, 0, 0.003, 0.002, 0.001
Node_Verr7_Verr13_0, 0.032, 0, 0, 0.005, 0.032, 0, 0.032, 0.024, 0.008
Node_Verr7_Verr2_0, 0.996, 0, 0.001, 0.11, 0.995, 0, 0.996, 0.032, 0.965
Node_Verr7_Verr4_0, 0.024, 0, 0.003, 0.006, 0.024, 0, 0.024, 0.023, 0.001
Node_Verr8_Verr3_0, 0.024, 0, 0, 0.002, 0.024, 0, 0.024, 0.021, 0.003
Node_Verr8_Verr5_0, 0.021, 0, 0, 0.006, 0.021, 0, 0.021, 0.021, 0
Node_WOR1_WOR6_0, 0, 0, 0.001, 0.001, 0, 0, 0, 0, 0.001
Node_Wall1_Fuso2_0, 0, 0, 0.001, 0, 0, 0, 0, 0, 0
Node_Wall1_Syne1_0, 0.001, 0, 0, 0, 0.001, 0.001, 0.001, 0.001, 0
Node_Zixi2_Zixi1_0, 0.001, 0, 0, 0, 0.001, 0, 0.001, 0, 0.001
Node_chloroArabidopsis_chloroBryophyte_0, 0.001, 0, 0.001, 0.001, 0.001, 0, 0.001, 0, 0.002
Node_chloroArabidopsis_chloroChlorophyta_0, 0, 0, 0.001, 0, 0, 0, 0, 0, 0
Node_chloroArabidopsis_chloroLycophyte_0, 0, 0, 0.002, 0.002, 0, 0, 0, 0, 0.001
Node_chloroArabidopsis_chloroRedAlgae_0, 0.001, 0, 0.001, 0.001, 0.001, 0, 0.001, 0, 0.002
Node_mitoAnnelida_mitoPriapulid_0, 0, 0, 0.001, 0.001, 0, 0, 0, 0, 0.001
Node_mitoArabidopsis_mitoLycophyte_0, 0, 0, 0.001, 0.001, 0, 0, 0, 0, 0
Node_mitoBryophyte_mitoArabidopsis_0, 0.001, 0, 0.001, 0.001, 0.001, 0, 0.001, 0, 0.002
Node_mitoBryophyte_mitoChlorophyta_0, 0, 0, 0.001, 0.003, 0, 0, 0, 0, 0
Node_mitoBryophyte_mitoRedAlgae_0, 0.001, 0, 0, 0, 0.001, 0, 0.001, 0, 0.001
Node_mitoChelicerate_mitoInsect_0, 0.001, 0, 0.002, 0.002, 0.001, 0, 0.001, 0, 0.003
OLB1X1, 0, 0, 0.001, 0.002, 0, 0, 0, 0, 0.001
Omni2, 0, 0, 0.002, 0.002, 0, 0, 0, 0, 0.001
Omni4, 0, 0, 0.004, 0.004, 0, 0, 0, 0, 0.003
Omni6, 0, 0, 0.004, 0.004, 0, 0, 0, 0, 0.003
Omni8, 0, 0, 0.004, 0.004, 0, 0, 0, 0, 0.003
Pate1, 0, 0, 0.005, 0.007, 0, 0, 0, 0, 0.005
Pate10, 0, 0, 0.006, 0.009, 0, 0, 0, 0, 0.006
Pate11, 0, 0, 0.002, 0.002, 0, 0, 0, 0, 0.002
Pate12, 0, 0, 0.003, 0.003, 0, 0, 0, 0, 0.003
Pate13, 0, 0, 0.002, 0.002, 0, 0, 0, 0, 0.002
Pate14, 0, 0, 0.001, 0.001, 0, 0, 0, 0, 0.001
Pate15, 0, 0, 0.001, 0.001, 0, 0, 0, 0, 0.001
Pate17, 0, 0, 0.003, 0.003, 0, 0, 0, 0, 0.003
Pate18, 0, 0, 0.003, 0.003, 0, 0, 0, 0, 0.003
Pate19, 0, 0, 0.006, 0.007, 0, 0, 0, 0, 0.005
Pate21, 0, 0, 0.003, 0.003, 0, 0, 0, 0, 0.003
Pate22, 0, 0, 0.004, 0.004, 0, 0, 0, 0, 0.004
Pate23, 0, 0, 0.003, 0.003, 0, 0, 0, 0, 0.003
Pate24, 0, 0, 0.002, 0.002, 0, 0, 0, 0, 0.002
Pate25, 0, 0, 0.002, 0.002, 0, 0, 0, 0, 0.002
Pate26, 0, 0, 0.004, 0.004, 0, 0, 0, 0, 0.004
Pate27, 0, 0, 0.002, 0.003, 0, 0, 0, 0, 0.001
Pate29, 0, 0, 0.001, 0.001, 0, 0, 0, 0, 0.001
Pate3, 0, 0, 0.003, 0.005, 0, 0, 0, 0, 0.002
Pate30, 0, 0, 0.002, 0.003, 0, 0, 0, 0, 0.002
Pate31, 0, 0, 0.002, 0.001, 0, 0, 0, 0, 0.001
Pate32, 0, 0, 0.003, 0.003, 0, 0, 0, 0, 0.003
Pate33, 0, 0, 0.004, 0.004, 0, 0, 0, 0, 0.004
Pate35, 0, 0, 0.005, 0.006, 0, 0, 0, 0, 0.005
Pate36, 0, 0, 0.002, 0.001, 0, 0, 0, 0, 0.001
Pate37, 0, 0, 0.006, 0.007, 0, 0, 0, 0, 0.005
Pate39, 0, 0, 0.003, 0.003, 0, 0, 0, 0, 0.003
Pate40, 0, 0, 0.006, 0.007, 0, 0, 0, 0, 0.006
Pate41, 0, 0, 0.002, 0.003, 0, 0, 0, 0, 0.002
Pate43, 0, 0, 0.003, 0.002, 0, 0, 0, 0, 0.002
Pate44, 0, 0, 0.001, 0.001, 0, 0, 0, 0, 0.001
Pate45, 0, 0, 0.004, 0.004, 0, 0, 0, 0, 0.004
Pate46, 0, 0, 0.003, 0.003, 0, 0, 0, 0, 0.003
Pate48, 0, 0, 0.002, 0.003, 0, 0, 0, 0, 0.002
Pate49, 0, 0, 0.003, 0.004, 0, 0, 0, 0, 0.003
Pate5, 0, 0, 0.004, 0.005, 0, 0, 0, 0, 0.004
Pate50, 0, 0, 0.003, 0.003, 0, 0, 0, 0, 0.003
Pate51, 0, 0, 0.001, 0.001, 0, 0, 0, 0, 0
Pate52, 0, 0, 0.001, 0.001, 0, 0, 0, 0, 0.001
Pate54, 0, 0, 0.001, 0.001, 0, 0, 0, 0, 0
Pate55, 0, 0, 0.001, 0.001, 0, 0, 0, 0, 0.001
Pate56, 0, 0, 0.002, 0.002, 0, 0, 0, 0, 0.002
Pate57, 0, 0, 0.002, 0.003, 0, 0, 0, 0, 0.001
Pate6, 0, 0, 0.003, 0.003, 0, 0, 0, 0, 0.003
Pate7, 0, 0, 0.002, 0.002, 0, 0, 0, 0, 0.002
Pate8, 0, 0, 0.002, 0.002, 0, 0, 0, 0, 0.002
Pate9, 0, 0, 0.006, 0.01, 0, 0, 0, 0, 0.005
Plan14, 0, 0, 0.002, 0.002, 0, 0, 0, 0, 0.002
Plan16, 0, 0, 0.002, 0.003, 0, 0, 0, 0, 0.002
Plan18, 0, 0, 0.001, 0.001, 0, 0, 0, 0, 0.001
Plan2, 0, 0, 0.002, 0.001, 0, 0, 0, 0, 0.001
Plan21, 0, 0, 0.002, 0.002, 0, 0, 0, 0, 0.002
Plan22, 0, 0, 0.003, 0.004, 0, 0, 0, 0, 0.002
Plan26, 0, 0, 0.001, 0.001, 0, 0, 0, 0, 0.001
Plan27, 0, 0, 0.002, 0.002, 0, 0, 0, 0, 0.002
Plan3, 0, 0, 0.002, 0.002, 0, 0, 0, 0, 0.002
Plan30, 0, 0, 0.002, 0.002, 0, 0, 0, 0, 0.002
Plan31, 0, 0, 0.003, 0.004, 0, 0, 0, 0, 0.003
Plan32, 0, 0, 0.001, 0.001, 0, 0, 0, 0, 0.001
Plan33, 0, 0, 0.003, 0.003, 0, 0, 0, 0, 0.003
Plan39, 0, 0, 0.001, 0.001, 0, 0, 0, 0, 0.001
Plan4, 0, 0, 0.001, 0.001, 0, 0, 0, 0, 0.001
Plan40, 0, 0, 0.004, 0.003, 0, 0, 0, 0, 0.003
Plan42, 0, 0, 0.003, 0.004, 0, 0, 0, 0, 0.002
Plan5, 0, 0, 0.001, 0.001, 0, 0, 0, 0, 0.001
Plan7, 0, 0, 0.003, 0.003, 0, 0, 0, 0, 0.003
Pori1, 0, 0, 0.001, 0.001, 0, 0, 0, 0, 0.001
Pori2, 0, 0, 0.003, 0.003, 0, 0, 0, 0, 0.003
ProtA10, 0, 0, 0.001, 0.001, 0, 0, 0, 0, 0.001
ProtA11, 0, 0, 0.002, 0.002, 0, 0, 0, 0, 0.002
ProtA12, 0, 0, 0.001, 0.001, 0, 0, 0, 0, 0.001
ProtA13, 0, 0, 0.001, 0.001, 0, 0, 0, 0, 0
ProtA14, 0, 0, 0.003, 0.003, 0, 0, 0, 0, 0.003
ProtA15, 0, 0, 0.001, 0.002, 0, 0, 0, 0, 0
ProtA16, 0, 0, 0.002, 0.002, 0, 0, 0, 0, 0.002
ProtA19, 0, 0, 0.002, 0.002, 0, 0, 0, 0, 0.002
ProtA2, 0, 0, 0.003, 0.003, 0, 0, 0, 0, 0.003
ProtA21, 0, 0, 0.004, 0.004, 0, 0, 0, 0, 0.004
ProtA24, 0, 0, 0.001, 0.002, 0, 0, 0, 0, 0
ProtA26, 0, 0, 0.002, 0.002, 0, 0, 0, 0, 0.002
ProtA29, 0, 0, 0.001, 0.001, 0, 0, 0, 0, 0.001
ProtA3, 0, 0, 0.001, 0.001, 0, 0, 0, 0, 0
ProtA30, 0, 0, 0.001, 0.001, 0, 0, 0, 0, 0.001
ProtA31, 0, 0, 0.001, 0.001, 0, 0, 0, 0, 0.001
ProtA32, 0, 0, 0.001, 0.001, 0, 0, 0, 0, 0.001
ProtA34, 0, 0, 0.004, 0.003, 0, 0, 0, 0, 0.003
ProtA36, 0, 0, 0.001, 0.001, 0, 0, 0, 0, 0.001
ProtA37, 0, 0, 0.001, 0.001, 0, 0, 0, 0, 0.001
ProtA38, 0, 0, 0.003, 0.003, 0, 0, 0, 0, 0.002
ProtA39, 0, 0, 0.001, 0.002, 0, 0, 0, 0, 0.001
ProtA40, 0, 0, 0.002, 0.003, 0, 0, 0, 0, 0.002
ProtA41, 0, 0, 0.002, 0.001, 0, 0, 0, 0, 0.001
ProtA42, 0, 0, 0.002, 0.002, 0, 0, 0, 0, 0.001
ProtA43, 0, 0, 0.003, 0.004, 0, 0, 0, 0, 0.002
ProtA44, 0, 0, 0.002, 0.002, 0, 0, 0, 0, 0.001
ProtA45, 0, 0, 0.002, 0.002, 0, 0, 0, 0, 0.002
ProtA46, 0, 0, 0.003, 0.003, 0, 0, 0, 0, 0.003
ProtA47, 0, 0, 0.179, 0.02, 0, 0, 0, 0, 0
ProtA48, 0, 0, 0.007, 0.004, 0, 0, 0, 0, 0.002
ProtA49, 0, 0, 0.002, 0.002, 0, 0, 0, 0, 0.002
ProtA5, 0, 0, 0.005, 0.007, 0, 0, 0, 0, 0.005
ProtA50, 0, 0, 0.003, 0.003, 0, 0, 0, 0, 0.002
ProtA51, 0, 0, 0.002, 0.002, 0, 0, 0, 0, 0.002
ProtA53, 1, 0, 0.003, 0.241, 1, 0, 1, 0.032, 0.971
ProtA54, 0, 0, 0.002, 0.002, 0, 0, 0, 0, 0.002
ProtA56, 0, 0, 0.003, 0.004, 0, 0, 0, 0, 0.003
ProtA58, 0, 0, 0.032, 0.002, 0, 0, 0, 0, 0
ProtA60, 0, 0, 0.018, 0.011, 0, 0, 0, 0, 0.005
ProtA61, 0, 0, 0.003, 0.003, 0, 0, 0, 0, 0.002
ProtA62, 0, 0, 0.003, 0.002, 0, 0, 0, 0, 0
ProtA63, 1, 0, 0.002, 0.07, 1, 0, 1, 0.178, 0.823
ProtA64, 0, 0, 0.001, 0.001, 0, 0, 0, 0, 0.001
ProtA66, 0, 0, 0.001, 0.001, 0, 0, 0, 0, 0.001
ProtA68, 0, 0, 0.002, 0.003, 0, 0, 0, 0, 0.002
ProtA69, 0, 0, 0.001, 0, 0, 0, 0, 0, 0
ProtA7, 0, 0, 0.002, 0.002, 0, 0, 0, 0, 0.002
ProtA70, 0, 0, 0.002, 0.003, 0, 0, 0, 0, 0.002
ProtA72, 0, 0, 0.003, 0.002, 0, 0, 0, 0, 0.002
ProtA74, 0, 0, 0.002, 0.001, 0, 0, 0, 0, 0.001
ProtA75, 0, 0, 0.004, 0.005, 0, 0, 0, 0, 0.004
ProtA77, 0, 0, 0.001, 0.001, 0, 0, 0, 0, 0.001
ProtA9, 1, 0, 0.003, 0.384, 1, 0, 1, 0.013, 0.99
ProtG1, 0, 0, 0.03, 0.011, 0, 0, 0, 0, 0.002
ProtG10, 1, 0, 0.072, 0.022, 1, 0, 1, 0.186, 0.815
ProtG11, 0, 0, 0.005, 0.004, 0, 0, 0, 0, 0.002
ProtG12, 1, 0, 0.002, 0.037, 1, 0, 1, 0.25, 0.751
ProtG13, 0, 0, 0.825, 0.022, 0, 0, 0, 0, 0.002
ProtG14, 0, 0, 0.139, 0.038, 0, 0, 0, 0, 0.002
ProtG15, 0, 0, 0.002, 0.002, 0, 0, 0, 0, 0.002
ProtG16, 0, 0, 0.167, 0.123, 0, 0, 0, 0, 0.001
ProtG17, 0, 0, 0.166, 0.121, 0, 0, 0, 0, 0
ProtG18, 0, 0, 0.008, 0.005, 0, 0, 0, 0, 0.001
ProtG19, 0, 0, 0.003, 0.003, 0, 0, 0, 0, 0.003
ProtG20, 0, 0, 0.01, 0.006, 0, 0, 0, 0, 0.001
ProtG21, 0, 0, 0.008, 0.006, 0, 0, 0, 0, 0.001
ProtG22, 1, 0, 0.004, 0.527, 1, 0, 1, 0.896, 0.105
ProtG24, 1, 0, 0.014, 0.139, 1, 0, 1, 0.912, 0.091
ProtG25, 0, 0, 0.001, 0.001, 0, 0, 0, 0, 0.001
ProtG26, 0, 0, 0.005, 0.004, 0, 0, 0, 0, 0.002
ProtG27, 0, 0, 0.004, 0.002, 0, 0, 0, 0, 0
ProtG28, 0, 0, 0.057, 0.034, 0, 0, 0, 0, 0
ProtG29, 0, 0, 0.003, 0.004, 0, 0, 0, 0, 0.002
ProtG3, 0, 0, 0.001, 0.001, 0, 0, 0, 0, 0.001
ProtG30, 0, 0, 0.001, 0.001, 0, 0, 0, 0, 0.001
ProtG31, 0, 0, 0.874, 0.39, 0, 0, 0, 0, 0.001
ProtG32, 0, 0, 0.006, 0.008, 0, 0, 0, 0, 0.003
ProtG33, 1, 0, 0.027, 0.196, 1, 0, 1, 0.109, 0.892
ProtG34, 0, 0, 0.072, 0.03, 0, 0, 0, 0, 0.002
ProtG35, 0, 0, 0.011, 0.009, 0, 0, 0, 0, 0.001
ProtG36, 0, 0, 0.009, 0.005, 0, 0, 0, 0, 0
ProtG37, 0, 0, 0.003, 0.003, 0, 0, 0, 0, 0.003
ProtG38, 0, 0, 0.008, 0.007, 0, 0, 0, 0, 0.001
ProtG39, 0, 0, 0.001, 0.001, 0, 0, 0, 0, 0.001
ProtG4, 0, 0, 0.002, 0.002, 0, 0, 0, 0, 0.001
ProtG40, 0, 0, 0.001, 0.001, 0, 0, 0, 0, 0.001
ProtG42, 0, 0, 0.018, 0.012, 0, 0, 0, 0, 0.003
ProtG43, 0, 0, 0.005, 0.003, 0, 0, 0, 0, 0.001
ProtG44, 0, 0, 0.9, 0.314, 0, 0, 0, 0, 0.001
ProtG45, 0, 0, 0.004, 0.005, 0, 0, 0, 0, 0.003
ProtG46, 0, 0, 0.007, 0.004, 0, 0, 0, 0, 0
ProtG47, 1, 0, 0.004, 0.045, 1, 0, 1, 0.963, 0.04
ProtG48, 0, 0, 0.008, 0.008, 0, 0, 0, 0, 0.004
ProtG49, 0, 0, 0.002, 0.001, 0, 0, 0, 0, 0.001
ProtG5, 0, 0, 0.253, 0.015, 0, 0, 0, 0, 0.002
ProtG50, 1, 0, 0.002, 0.868, 1, 0, 1, 0.996, 0.005
ProtG51, 0, 0, 0.001, 0.001, 0, 0, 0, 0, 0.001
ProtG52, 0, 0, 0.8, 0.565, 0, 0, 0, 0, 0
ProtG53, 0, 0, 0.003, 0.003, 0, 0, 0, 0, 0.002
ProtG54, 0, 0, 0.002, 0.001, 0, 0, 0, 0, 0
ProtG55, 0, 0, 0.006, 0.004, 0, 0, 0, 0, 0.002
ProtG56, 1, 0, 0.002, 0.007, 1, 0, 1, 0.884, 0.116
ProtG57, 0, 0, 0.119, 0.035, 0, 0, 0, 0, 0.001
ProtG58, 0, 0, 0.869, 0.177, 0, 0, 0, 0, 0.001
ProtG59, 0, 0, 0.9, 0.201, 0, 0, 0, 0, 0.001
ProtG6, 0, 0, 0.006, 0.004, 0, 0, 0, 0, 0.002
ProtG60, 0, 0, 0.002, 0.002, 0, 0, 0, 0, 0.001
ProtG61, 0, 0, 0.003, 0.003, 0, 0, 0, 0, 0.002
ProtG62, 0, 0, 0.015, 0.009, 0, 0, 0, 0, 0.001
ProtG63, 1, 0, 0.012, 0.77, 1, 0, 1, 0.994, 0.008
ProtG64, 0, 0, 0.001, 0.001, 0, 0, 0, 0, 0.001
ProtG65, 0, 0, 0.01, 0.006, 0, 0, 0, 0, 0
ProtG66, 0, 0, 0.003, 0.003, 0, 0, 0, 0, 0.002
ProtG67, 1, 0, 0.014, 0.666, 1, 0, 1, 0.992, 0.01
ProtG68, 0, 0, 0.002, 0.001, 0, 0, 0, 0, 0.001
ProtG69, 0, 0, 0.01, 0.009, 0, 0, 0, 0, 0
ProtG7, 0, 0, 0.137, 0.057, 0, 0, 0, 0, 0.002
ProtG70, 0, 0, 0.001, 0, 0, 0, 0, 0, 0
ProtG71, 0, 0, 0.036, 0.005, 0, 0, 0, 0, 0.001
ProtG72, 0, 0, 0.039, 0.025, 0, 0, 0, 0, 0.003
ProtG73, 1, 0, 0.001, 0.137, 1, 0, 1, 0.898, 0.102
ProtG74, 0, 0, 0.015, 0.009, 0, 0, 0, 0, 0
ProtG75, 0, 0, 0.003, 0.003, 0, 0, 0, 0, 0.002
ProtG76, 0, 0, 0.003, 0.002, 0, 0, 0, 0, 0.002
ProtG77, 0, 0, 0.015, 0.013, 0, 0, 0, 0, 0.001
ProtG78, 0, 0, 0.008, 0.004, 0, 0, 0, 0, 0.001
ProtG79, 0, 0, 0.002, 0.005, 0, 0, 0, 0, 0.002
ProtG8, 0, 0, 0.004, 0.002, 0, 0, 0, 0, 0
ProtG80, 1, 0, 0.003, 0.186, 1, 0, 1, 0.116, 0.885
ProtG81, 0, 0, 0.001, 0.001, 0, 0, 0, 0, 0.001
ProtG82, 1, 0, 0, 0.166, 1, 0, 1, 0.158, 0.842
ProtG83, 1, 0, 0.001, 0.333, 1, 0, 1, 0.8, 0.201
ProtG84, 0, 0, 0.005, 0.005, 0, 0, 0, 0, 0.002
ProtG85, 0, 0, 0.004, 0.003, 0, 0, 0, 0, 0.002
ProtG86, 0, 0, 0.16, 0.023, 0, 0, 0, 0, 0.002
ProtG87, 0, 0, 0.001, 0.001, 0, 0, 0, 0, 0.001
ProtG88, 0, 0, 0.86, 0.006, 0, 0, 0, 0, 0.001
ProtG89, 1, 0, 0.002, 0.014, 1, 0, 1, 0.822, 0.179
ProtG9, 0, 0, 0.001, 0.002, 0, 0, 0, 0, 0.001
ProtG90, 0, 0, 0.002, 0.002, 0, 0, 0, 0, 0
ProtG91, 0, 0, 0.003, 0.003, 0, 0, 0, 0, 0.001
ProtM1, 0, 0, 0.002, 0.001, 0, 0, 0, 0, 0.001
ProtM2, 0, 0, 0.002, 0.003, 0, 0, 0, 0, 0.001
ProtM3, 0, 0, 0.003, 0.002, 0, 0, 0, 0, 0.002
ProtZ1, 0, 0, 0.001, 0.001, 0, 0, 0, 0, 0.001
ProtZ2, 0, 0, 0.001, 0.001, 0, 0, 0, 0, 0.001
ProtZ3, 0, 0, 0.004, 0.006, 0, 0, 0, 0, 0.004
ProtZ4, 0, 0, 0.001, 0.001, 0, 0, 0, 0, 0.001
ProtZ5, 0, 0, 0.008, 0.004, 0, 0, 0, 0, 0.003
RBG1, 0, 0, 0.001, 0.001, 0, 0, 0, 0, 0.001
SAR3X1, 0, 0, 0.001, 0.001, 0, 0, 0, 0, 0.001
SAR3X2, 0, 0, 0.001, 0.001, 0, 0, 0, 0, 0.001
SM23X1, 0, 0, 0.003, 0.002, 0, 0, 0, 0, 0.002
SZUA1, 0, 0, 0.004, 0.004, 0, 0, 0, 0, 0.004
SZUA2, 0, 0, 0.003, 0.003, 0, 0, 0, 0, 0.003
Sche1, 0, 0, 0.002, 0.002, 0, 0, 0, 0, 0.002
Spir10, 0, 0, 0.001, 0.001, 0, 0, 0, 0, 0.001
Spir15, 0, 0, 0.004, 0.005, 0, 0, 0, 0, 0.004
Spir2, 0, 0, 0.001, 0.001, 0, 0, 0, 0, 0.001
Spir4, 0, 0, 0.002, 0.003, 0, 0, 0, 0, 0.002
Spir8, 0, 0, 0.001, 0.001, 0, 0, 0, 0, 0.001
Spir9, 0, 0, 0.005, 0.006, 0, 0, 0, 0, 0.005
Sume1, 0, 0, 0.001, 0.001, 0, 0, 0, 0, 0.001
Syne1, 0, 0, 0.001, 0.001, 0, 0, 0, 0, 0.001
Syne10, 0, 0, 0.002, 0.003, 0, 0, 0, 0, 0.002
Syne2, 0, 0, 0.002, 0.002, 0, 0, 0, 0, 0.002
Syne3, 0, 0, 0.002, 0.001, 0, 0, 0, 0, 0.001
Syne4, 0, 0, 0.002, 0.003, 0, 0, 0, 0, 0.002
Syne5, 0, 0, 0.002, 0.002, 0, 0, 0, 0, 0.002
Syne6, 0, 0, 0.001, 0.001, 0, 0, 0, 0, 0.001
Syne8, 0, 0, 0.003, 0.003, 0, 0, 0, 0, 0.002
Syne9, 0, 0, 0.002, 0.004, 0, 0, 0, 0, 0.001
TA06A1, 0, 0, 0.002, 0.002, 0, 0, 0, 0, 0.002
TA06X1, 0, 0, 0.001, 0.002, 0, 0, 0, 0, 0.001
Therd1, 0, 0, 0.002, 0.002, 0, 0, 0, 0, 0.002
Therg2, 0, 0, 0.001, 0.002, 0, 0, 0, 0, 0.001
Therg3, 0, 0, 0.003, 0.004, 0, 0, 0, 0, 0.003
Therg4, 0, 0, 0.001, 0.001, 0, 0, 0, 0, 0.001
Therg5, 0, 0, 0.001, 0.001, 0, 0, 0, 0, 0.001
Therg6, 0, 0, 0.001, 0.001, 0, 0, 0, 0, 0.001
Therg8, 0, 0, 0.001, 0.001, 0, 0, 0, 0, 0.001
Thers1, 0, 0, 0.003, 0.003, 0, 0, 0, 0, 0.003
UBA1X2, 0, 0, 0.001, 0.001, 0, 0, 0, 0, 0.001
UBA1X3, 0, 0, 0.002, 0.002, 0, 0, 0, 0, 0.001
UBA1X4, 0, 0, 0.002, 0, 0, 0, 0, 0, 0
UBA1X5, 0, 0, 0.005, 0.005, 0, 0, 0, 0, 0.003
UBA1X6, 0, 0, 0.002, 0.002, 0, 0, 0, 0, 0.002
UBA2X1, 0, 0, 0.002, 0.002, 0, 0, 0, 0, 0.002
UBA6X1, 0, 0, 0.001, 0.001, 0, 0, 0, 0, 0.001
UBA9X2, 0, 0, 0.001, 0.001, 0, 0, 0, 0, 0.001
UBA9X3, 0, 0, 0.002, 0.002, 0, 0, 0, 0, 0.002
UBP13X1, 0, 0, 0.001, 0.001, 0, 0, 0, 0, 0.001
UBP4X1, 0, 0, 0.002, 0.002, 0, 0, 0, 0, 0.002
UBP6X1, 0, 0, 0.001, 0.001, 0, 0, 0, 0, 0.001
Verr10, 1, 0, 0.002, 0.072, 1, 0, 1, 0.087, 0.915
Verr11, 0, 0, 0.978, 0.259, 0, 0, 0, 0, 0
Verr12, 1, 0, 0.001, 0.288, 1, 0, 1, 0.978, 0.023
Verr13, 0, 0, 0.032, 0.005, 0, 0, 0, 0, 0
Verr14, 1, 0, 0.003, 0.087, 1, 0, 1, 0.977, 0.025
Verr2, 1, 0, 0.003, 0.01, 1, 0, 1, 0.993, 0.007
Verr3, 0, 0, 0.089, 0.023, 0, 0, 0, 0, 0.002
Verr4, 0, 0, 0.027, 0.005, 0, 0, 0, 0, 0.003
Verr5, 0, 0, 0.003, 0.003, 0, 0, 0, 0, 0
Verr6, 0, 0, 0.004, 0.002, 0, 0, 0, 0, 0.001
Verr7, 1, 0, 0.006, 0.128, 1, 0, 1, 0.995, 0.01
Verr8, 0, 0, 0.027, 0.007, 0, 0, 0, 0, 0.003
Verr9, 0, 0, 0.123, 0.016, 0, 0, 0, 0, 0.001
WOR1, 0, 0, 0.001, 0.001, 0, 0, 0, 0, 0.001
WOR2, 0, 0, 0.002, 0.002, 0, 0, 0, 0, 0.002
WOR3, 0, 0, 0.001, 0.001, 0, 0, 0, 0, 0.001
WOR4, 0, 0, 0.002, 0.002, 0, 0, 0, 0, 0.002
WOR6, 0, 0, 0.002, 0.002, 0, 0, 0, 0, 0.002
WOR7, 0, 0, 0.001, 0.002, 0, 0, 0, 0, 0.001
Wall1, 0, 0, 0.002, 0.002, 0, 0, 0, 0, 0.002
Zixi1, 0, 0, 0.004, 0.003, 0, 0, 0, 0, 0.003
Zixi2, 0, 0, 0.004, 0.004, 0, 0, 0, 0, 0.003
Zixi3, 0, 0, 0.004, 0.005, 0, 0, 0, 0, 0.004
chloroArabidopsis, 0, 0, 0.001, 0.001, 0, 0, 0, 0, 0.001
chloroBryophyte, 0, 0, 0.004, 0.003, 0, 0, 0, 0, 0.003
chloroChlorophyta, 0, 0, 0.001, 0.001, 0, 0, 0, 0, 0.001
chloroLycophyte, 0, 0, 0.002, 0.002, 0, 0, 0, 0, 0.002
chloroRedAlgae, 0, 0, 0.003, 0.003, 0, 0, 0, 0, 0.002
mitoArabidopsis, 0, 0, 0.001, 0.002, 0, 0, 0, 0, 0.001
mitoBryophyte, 0, 0, 0.004, 0.003, 0, 0, 0, 0, 0.003
mitoChelicerate, 0, 0, 0.001, 0.002, 0, 0, 0, 0, 0
mitoExcavata, 0, 0, 0.001, 0.001, 0, 0, 0, 0, 0.001
mitoFungi, 0, 0, 0.004, 0.005, 0, 0, 0, 0, 0.004
mitoInsect, 0, 0, 0.002, 0.001, 0, 0, 0, 0, 0.001
mitoLycophyte, 0, 0, 0.001, 0.003, 0, 0, 0, 0, 0.001
mitoParamecium, 0, 0, 0.002, 0.002, 0, 0, 0, 0, 0.002
mitoRedAlgae, 0, 0, 0.001, 0.001, 0, 0, 0, 0, 0
