species_label, speciations, duplications, losses, transfers, presence, origination, copies, singletons, transfers_to
AABM5X1, 0, 0, 0.001, 0.001, 0, 0, 0, 0, 0.001
AABM5X2, 0, 0, 0.002, 0.002, 0, 0, 0, 0, 0.002
AABM5X3, 0, 0, 0.007, 0.008, 0, 0, 0, 0, 0.007
Abys1, 0, 0, 0.004, 0.004, 0, 0, 0, 0, 0.004
Acid1, 0, 0, 0.003, 0.005, 0, 0, 0, 0, 0.003
Acid10, 0, 0, 0.003, 0.005, 0, 0, 0, 0, 0.002
Acid12, 0, 0, 0.001, 0.001, 0, 0, 0, 0, 0.001
Acid13, 0, 0, 0.001, 0.001, 0, 0, 0, 0, 0.001
Acid14, 0, 0, 0.002, 0.003, 0, 0, 0, 0, 0.002
Acid16, 0, 0, 0.002, 0.002, 0, 0, 0, 0, 0.002
Acid17, 0, 0, 0.002, 0.002, 0, 0, 0, 0, 0.002
Acid18, 0, 0, 0.003, 0.003, 0, 0, 0, 0, 0.003
Acid2, 0, 0, 0.001, 0.002, 0, 0, 0, 0, 0.001
Acid20, 0, 0, 0.002, 0.003, 0, 0, 0, 0, 0.001
Acid21, 0, 0, 0.003, 0.003, 0, 0, 0, 0, 0.002
Acid22, 0, 0, 0.003, 0.003, 0, 0, 0, 0, 0.003
Acid23, 0, 0, 0.001, 0, 0, 0, 0, 0, 0
Acid25, 0, 0, 0.004, 0.005, 0, 0, 0, 0, 0.002
Acid26, 0, 0, 0.002, 0.004, 0, 0, 0, 0, 0.002
Acid27, 0, 0, 0.003, 0.003, 0, 0, 0, 0, 0.002
Acid28, 0, 0, 0.002, 0.002, 0, 0, 0, 0, 0.002
Acid29, 0, 0, 0.004, 0.004, 0, 0, 0, 0, 0.003
Acid31, 0, 0, 0.003, 0.003, 0, 0, 0, 0, 0.003
Acid32, 0, 0, 0.001, 0.001, 0, 0, 0, 0, 0.001
Acid33, 0, 0, 0.001, 0.001, 0, 0, 0, 0, 0.001
Acid34, 0, 0, 0.002, 0.003, 0, 0, 0, 0, 0.001
Acid35, 0, 0, 0.003, 0.004, 0, 0, 0, 0, 0.003
Acid36, 0, 0, 0.001, 0.001, 0, 0, 0, 0, 0.001
Acid37, 0, 0, 0.001, 0.001, 0, 0, 0, 0, 0.001
Acid39, 0, 0, 0.002, 0.002, 0, 0, 0, 0, 0.002
Acid4, 0, 0, 0.007, 0.008, 0, 0, 0, 0, 0.006
Acid40, 0, 0, 0.003, 0.002, 0, 0, 0, 0, 0.002
Acid5, 0, 0, 0.003, 0.003, 0, 0, 0, 0, 0.002
Acid6, 0, 0, 0.002, 0.002, 0, 0, 0, 0, 0.002
Acid7, 0, 0, 0.005, 0.003, 0, 0, 0, 0, 0.003
Acid8, 0, 0, 0.004, 0.006, 0, 0, 0, 0, 0.004
Acid9, 0, 0, 0.002, 0.002, 0, 0, 0, 0, 0.002
Acti10, 0, 0, 0.001, 0.001, 0, 0, 0, 0, 0.001
Acti11, 0, 0, 0.001, 0.001, 0, 0, 0, 0, 0.001
Acti12, 0, 0, 0.003, 0.002, 0, 0, 0, 0, 0.002
Acti13, 0, 0, 0.004, 0.004, 0, 0, 0, 0, 0.001
Acti14, 0, 0, 0.001, 0.001, 0, 0, 0, 0, 0
Acti15, 0, 0, 0.879, 0.001, 0, 0, 0, 0, 0
Acti18, 0, 0, 0.002, 0.002, 0, 0, 0, 0, 0.002
Acti19, 0, 0, 0.003, 0.002, 0, 0, 0, 0, 0.001
Acti2, 0, 0, 0.002, 0.002, 0, 0, 0, 0, 0.002
Acti20, 0, 0, 0.006, 0.008, 0, 0, 0, 0, 0.006
Acti21, 0, 0, 0.002, 0.002, 0, 0, 0, 0, 0.001
Acti22, 0, 0, 0.002, 0.002, 0, 0, 0, 0, 0.002
Acti23, 0, 0, 0.003, 0.002, 0, 0, 0, 0, 0.001
Acti24, 0, 0, 0.001, 0.001, 0, 0, 0, 0, 0.001
Acti27, 0, 0, 0.002, 0.002, 0, 0, 0, 0, 0.002
Acti28, 0, 0, 0.003, 0.003, 0, 0, 0, 0, 0.003
Acti29, 0, 0, 0.004, 0.006, 0, 0, 0, 0, 0.004
Acti3, 0, 0, 0.001, 0.001, 0, 0, 0, 0, 0.001
Acti30, 0, 0, 0.006, 0.008, 0, 0, 0, 0, 0.006
Acti31, 0, 0, 0.003, 0.004, 0, 0, 0, 0, 0.002
Acti32, 0, 0, 0.005, 0.004, 0, 0, 0, 0, 0
Acti33, 0, 0, 0.002, 0.004, 0, 0, 0, 0, 0.002
Acti34, 0, 0, 0.001, 0, 0, 0, 0, 0, 0
Acti37, 0, 0, 0.004, 0.002, 0, 0, 0, 0, 0.002
Acti38, 1, 0, 0.001, 0.045, 1, 0, 1, 0.903, 0.098
Acti39, 0, 0, 0.001, 0.002, 0, 0, 0, 0, 0.001
Acti4, 0, 0, 0.002, 0.003, 0, 0, 0, 0, 0.001
Acti40, 1, 0, 0.002, 0.047, 1, 0, 1, 0.885, 0.117
Acti41, 0, 0, 0.003, 0.002, 0, 0, 0, 0, 0.001
Acti42, 0, 0, 0.004, 0.005, 0, 0, 0, 0, 0.004
Acti45, 0, 0, 0.001, 0.001, 0, 0, 0, 0, 0.001
Acti46, 0, 0, 0.003, 0.003, 0, 0, 0, 0, 0.001
Acti47, 0, 0, 0.001, 0.003, 0, 0, 0, 0, 0.001
Acti48, 0, 0, 0.003, 0.003, 0, 0, 0, 0, 0.002
Acti49, 0, 0, 0.007, 0.006, 0, 0, 0, 0, 0.002
Acti5, 0, 0, 0.002, 0.003, 0, 0, 0, 0, 0.002
Acti52, 0, 0, 0.003, 0.003, 0, 0, 0, 0, 0.003
Acti6, 0, 0, 0.003, 0.003, 0, 0, 0, 0, 0.002
Acti7, 0, 0, 0.001, 0.001, 0, 0, 0, 0, 0
Acti9, 0, 0, 0.005, 0.006, 0, 0, 0, 0, 0.005
Aero1, 0, 0, 0.001, 0.001, 0, 0, 0, 0, 0.001
Aqui1, 0, 0, 0.002, 0.003, 0, 0, 0, 0, 0.002
Aqui2, 0, 0, 0.002, 0.002, 0, 0, 0, 0, 0.002
Aqui3, 0, 0, 0.003, 0.003, 0, 0, 0, 0, 0.003
Aqui4, 0, 0, 0.001, 0, 0, 0, 0, 0, 0
Aqui5, 0, 0, 0.004, 0.005, 0, 0, 0, 0, 0.004
Aqui6, 0, 0, 0.001, 0.001, 0, 0, 0, 0, 0
Arma11, 0, 0, 0.004, 0.004, 0, 0, 0, 0, 0.004
Arma12, 0, 0, 0.002, 0.002, 0, 0, 0, 0, 0.001
Arma13, 0, 0, 0.001, 0.001, 0, 0, 0, 0, 0
Arma15, 0, 0, 0.002, 0.001, 0, 0, 0, 0, 0.001
Arma16, 0, 0, 0.003, 0.003, 0, 0, 0, 0, 0.002
Arma3, 0, 0, 0.004, 0.003, 0, 0, 0, 0, 0.003
Arma4, 0, 0, 0.002, 0.002, 0, 0, 0, 0, 0.002
Arma6, 0, 0, 0.002, 0.004, 0, 0, 0, 0, 0.001
Arma7, 0, 0, 0.006, 0.007, 0, 0, 0, 0, 0.005
Arma9, 0, 0, 0.001, 0.001, 0, 0, 0, 0, 0.001
Aure1, 0, 0, 0.003, 0.004, 0, 0, 0, 0, 0.003
Aure2, 0, 0, 0.003, 0.003, 0, 0, 0, 0, 0.003
B130X1, 0, 0, 0.005, 0.007, 0, 0, 0, 0, 0.005
BMS3X1, 0, 0, 0.002, 0.002, 0, 0, 0, 0, 0.002
Bact1, 0, 0, 0.001, 0.001, 0, 0, 0, 0, 0.001
Bact10, 0, 0, 0.001, 0, 0, 0, 0, 0, 0
Bact11, 0, 0, 0.001, 0.001, 0, 0, 0, 0, 0.001
Bact12, 0, 0, 0.001, 0.001, 0, 0, 0, 0, 0.001
Bact13, 0, 0, 0.003, 0.003, 0, 0, 0, 0, 0.003
Bact14, 0, 0, 0.001, 0.001, 0, 0, 0, 0, 0.001
Bact16, 0, 0, 0.002, 0.002, 0, 0, 0, 0, 0.001
Bact17, 0, 0, 0.002, 0.002, 0, 0, 0, 0, 0.001
Bact18, 0, 0, 0.001, 0.002, 0, 0, 0, 0, 0.001
Bact19, 0, 0, 0.044, 0.013, 0, 0, 0, 0, 0.001
Bact2, 0, 0, 0.004, 0.004, 0, 0, 0, 0, 0.002
Bact20, 0, 0, 0.002, 0.002, 0, 0, 0, 0, 0.001
Bact21, 0, 0, 0.272, 0.099, 0, 0, 0, 0, 0.001
Bact22, 0, 0, 0.004, 0.003, 0, 0, 0, 0, 0
Bact25, 0, 0, 0.005, 0.003, 0, 0, 0, 0, 0.002
Bact27, 1, 0, 0.003, 0.704, 1, 0, 1, 0.998, 0.004
Bact28, 0, 0, 0.003, 0.004, 0, 0, 0, 0, 0.003
Bact29, 1, 0, 0, 0.019, 1, 0, 1, 1, 0
Bact3, 0, 0, 0.003, 0.005, 0, 0, 0, 0, 0.003
Bact30, 0, 0, 0.004, 0.004, 0, 0, 0, 0, 0.003
Bact31, 0, 0, 0.001, 0, 0, 0, 0, 0, 0
Bact32, 0, 0, 0.002, 0.001, 0, 0, 0, 0, 0.001
Bact33, 0, 0, 0.003, 0.004, 0, 0, 0, 0, 0.001
Bact35, 0, 0, 0.284, 0.082, 0, 0, 0, 0, 0.002
Bact36, 0, 0, 0.002, 0.001, 0, 0, 0, 0, 0
Bact38, 0, 0, 0.001, 0.001, 0, 0, 0, 0, 0
Bact39, 0, 0, 0.004, 0.003, 0, 0, 0, 0, 0.002
Bact4, 0, 0, 0.005, 0.006, 0, 0, 0, 0, 0.005
Bact40, 1, 0, 0.002, 0.002, 1, 0, 1, 1, 0
Bact41, 1, 0, 0.005, 0.003, 1, 0, 1, 0.998, 0.003
Bact42, 0, 0, 0.002, 0.002, 0, 0, 0, 0, 0.002
Bact43, 0, 0, 0.002, 0.001, 0, 0, 0, 0, 0
Bact44, 0, 0, 0.038, 0.001, 0, 0, 0, 0, 0.001
Bact5, 0, 0, 0.003, 0.003, 0, 0, 0, 0, 0.002
Bact6, 0, 0, 0.002, 0.004, 0, 0, 0, 0, 0.002
Bact7, 0, 0, 0.002, 0.002, 0, 0, 0, 0, 0.002
Bact8, 0, 0, 0.001, 0.001, 0, 0, 0, 0, 0.001
Bact9, 1, 0, 0.002, 0.026, 1, 0, 1, 0.999, 0.002
Bdell10, 0, 0, 0.003, 0.002, 0, 0, 0, 0, 0.002
Bdell12, 0, 0, 0.002, 0.004, 0, 0, 0, 0, 0.002
Bdell14, 0, 0, 0.002, 0.003, 0, 0, 0, 0, 0.001
Bdell2, 0, 0, 0.001, 0.001, 0, 0, 0, 0, 0
Bdell3, 0, 0, 0.002, 0.002, 0, 0, 0, 0, 0.002
Bdell4, 0, 0, 0.003, 0.002, 0, 0, 0, 0, 0.002
Bdell5, 0, 0, 0.004, 0.004, 0, 0, 0, 0, 0.003
Bdell6, 0, 0, 0.003, 0.003, 0, 0, 0, 0, 0.002
Bdell7, 0, 0, 0.002, 0.002, 0, 0, 0, 0, 0.001
Bdell9, 0, 0, 0.002, 0.002, 0, 0, 0, 0, 0.002
BdellC1, 0, 0, 0.001, 0.002, 0, 0, 0, 0, 0.001
BdellC2, 0, 0, 0.001, 0.001, 0, 0, 0, 0, 0.001
Bipo1, 0, 0, 0.003, 0.003, 0, 0, 0, 0, 0.003
Bipo2, 0, 0, 0.005, 0.006, 0, 0, 0, 0, 0.005
CG267X1, 0, 0, 0.003, 0.003, 0, 0, 0, 0, 0.003
CSP1X1, 0, 0, 0.003, 0.003, 0, 0.001, 0, 0, 0.002
Calda1, 0, 0, 0.004, 0.006, 0, 0, 0, 0, 0.004
Calda2, 0, 0, 0.003, 0.003, 0, 0, 0, 0, 0.003
Caldit2, 0, 0, 0.001, 0.002, 0, 0, 0, 0, 0.001
Caldit3, 0, 0, 0.005, 0.008, 0, 0, 0, 0, 0.005
Camp1, 0, 0, 0.004, 0.004, 0, 0, 0, 0, 0.002
Camp10, 0, 0, 0.002, 0.001, 0, 0, 0, 0, 0.001
Camp11, 0, 0, 0.006, 0.006, 0, 0, 0, 0, 0.006
Camp12, 0, 0, 0.002, 0.002, 0, 0, 0, 0, 0.001
Camp13, 0, 0, 0.005, 0.004, 0, 0, 0, 0, 0.003
Camp14, 0, 0, 0.001, 0.001, 0, 0, 0, 0, 0.001
Camp15, 0, 0, 0.001, 0.001, 0, 0, 0, 0, 0.001
Camp2, 0, 0, 0.002, 0.001, 0, 0, 0, 0, 0
Camp3, 0, 0, 0.003, 0.002, 0, 0, 0, 0, 0.001
Camp4, 0, 0, 0.002, 0.002, 0, 0, 0, 0, 0.002
Camp5, 0, 0, 0.003, 0.003, 0, 0, 0, 0, 0.002
Camp6, 0, 0, 0.002, 0.003, 0, 0, 0, 0, 0.002
Camp7, 0, 0, 0.004, 0.003, 0, 0, 0, 0, 0.003
Camp9, 0, 0, 0.001, 0.002, 0, 0, 0, 0, 0.001
Chlo10, 0, 0, 0.002, 0.002, 0, 0, 0, 0, 0.001
Chlo11, 0, 0, 0.005, 0.007, 0, 0, 0, 0, 0.005
Chlo12, 0, 0, 0.001, 0.001, 0, 0, 0, 0, 0.001
Chlo13, 0, 0, 0.005, 0.006, 0, 0, 0, 0, 0.003
Chlo14, 0, 0, 0.002, 0.001, 0, 0, 0, 0, 0.001
Chlo15, 0, 0, 0.001, 0.002, 0, 0, 0, 0, 0.001
Chlo16, 0, 0, 0.002, 0.004, 0, 0, 0, 0, 0.002
Chlo17, 0, 0, 0.002, 0.002, 0, 0, 0, 0, 0.002
Chlo18, 0, 0, 0.006, 0.006, 0, 0, 0, 0, 0.005
Chlo19, 0, 0, 0.003, 0.001, 0, 0, 0, 0, 0.001
Chlo20, 0, 0, 0.001, 0.001, 0, 0, 0, 0, 0.001
Chlo21, 0, 0, 0.003, 0.004, 0, 0, 0, 0, 0.003
Chlo22, 0, 0, 0.006, 0.008, 0, 0, 0, 0, 0.006
Chlo23, 0, 0, 0.005, 0.007, 0, 0, 0, 0, 0.005
Chlo24, 0, 0, 0.002, 0.004, 0, 0, 0, 0, 0.002
Chlo26, 0, 0, 0.003, 0.003, 0, 0, 0, 0, 0.003
Chlo27, 0, 0, 0.002, 0.002, 0, 0, 0, 0, 0.002
Chlo28, 0, 0, 0.004, 0.004, 0, 0, 0, 0, 0.004
Chlo29, 0, 0, 0.003, 0.003, 0, 0, 0, 0, 0.003
Chlo30, 0, 0, 0.001, 0.001, 0, 0, 0, 0, 0.001
Chlo31, 0, 0, 0.001, 0.001, 0, 0, 0, 0, 0.001
Chlo32, 0, 0, 0.003, 0.003, 0, 0, 0, 0, 0.003
Chlo33, 0, 0, 0.002, 0.003, 0, 0, 0, 0, 0.002
Chlo34, 0, 0, 0.002, 0.002, 0, 0, 0, 0, 0
Chlo35, 0, 0, 0.003, 0.003, 0, 0, 0, 0, 0.003
Chlo36, 0, 0, 0.002, 0, 0, 0, 0, 0, 0
Chlo37, 0, 0, 0.003, 0.003, 0, 0, 0, 0, 0.003
Chlo38, 0, 0, 0.004, 0.005, 0, 0, 0, 0, 0.002
Chlo39, 0, 0, 0.001, 0.001, 0, 0, 0, 0, 0
Chlo4, 0, 0, 0.005, 0.009, 0, 0, 0, 0, 0.005
Chlo40, 0, 0, 0.004, 0.005, 0, 0, 0, 0, 0.002
Chlo41, 0, 0, 0.001, 0.001, 0, 0, 0, 0, 0
Chlo42, 0, 0, 0.003, 0.001, 0, 0, 0, 0, 0.001
Chlo43, 0, 0, 0.001, 0, 0, 0, 0, 0, 0
Chlo46, 0, 0, 0.001, 0.001, 0, 0, 0, 0, 0.001
Chlo47, 0, 0, 0.002, 0.005, 0, 0, 0, 0, 0.002
Chlo48, 0, 0, 0.002, 0.003, 0, 0, 0, 0, 0.001
Chlo5, 0, 0, 0.001, 0.001, 0, 0, 0, 0, 0.001
Chlo6, 0, 0, 0.001, 0.001, 0, 0, 0, 0, 0
Chlo7, 0, 0, 0.002, 0.005, 0, 0, 0, 0, 0.002
Chlo8, 0, 0, 0.001, 0.001, 0, 0, 0, 0, 0.001
Chlo9, 0, 0, 0.004, 0.005, 0, 0, 0, 0, 0.004
Chry1, 0, 0, 0.003, 0.005, 0, 0, 0, 0, 0.003
Cloa1, 0, 0, 0.003, 0.005, 0, 0, 0, 0, 0.003
Cyan1, 0, 0, 0.002, 0.002, 0, 0, 0, 0, 0.002
Cyan10, 0, 0, 0.001, 0.002, 0, 0, 0, 0, 0.001
Cyan11, 0, 0, 0.002, 0.002, 0, 0, 0, 0, 0.001
Cyan13, 0, 0, 0.002, 0.001, 0, 0, 0, 0, 0.001
Cyan15, 0, 0, 0.003, 0.003, 0, 0, 0, 0, 0.003
Cyan18, 0, 0, 0.001, 0.002, 0, 0, 0, 0, 0
Cyan2, 0, 0, 0.003, 0.004, 0, 0, 0, 0, 0.003
Cyan20, 0, 0, 0.003, 0.004, 0, 0, 0, 0, 0.003
Cyan21, 0, 0, 0.003, 0.003, 0, 0, 0, 0, 0.002
Cyan22, 0, 0, 0.001, 0.001, 0, 0, 0, 0, 0.001
Cyan23, 0, 0, 0.001, 0, 0, 0, 0, 0, 0
Cyan24, 0, 0, 0.006, 0.008, 0, 0, 0, 0, 0.006
Cyan25, 0, 0, 0.005, 0.005, 0, 0, 0, 0, 0.003
Cyan26, 0, 0, 0.002, 0.002, 0, 0, 0, 0, 0.001
Cyan27, 0, 0, 0.001, 0.002, 0, 0, 0, 0, 0.001
Cyan28, 0, 0, 0.001, 0.001, 0, 0, 0, 0, 0.001
Cyan3, 0, 0, 0.003, 0.003, 0, 0, 0, 0, 0.003
Cyan30, 0, 0, 0.001, 0.003, 0, 0, 0, 0, 0
Cyan32, 0, 0, 0.004, 0.004, 0, 0, 0, 0, 0.002
Cyan33, 0, 0, 0.002, 0.004, 0, 0, 0, 0, 0.001
Cyan35, 0, 0, 0.002, 0.002, 0, 0, 0, 0, 0.002
Cyan36, 0, 0, 0.004, 0.003, 0, 0, 0, 0, 0.003
Cyan37, 0, 0, 0.002, 0.003, 0, 0, 0, 0, 0.002
Cyan38, 0, 0, 0.004, 0.004, 0, 0, 0, 0, 0.004
Cyan4, 0, 0, 0.006, 0.007, 0, 0, 0, 0, 0.004
Cyan40, 0, 0, 0.001, 0.002, 0, 0, 0, 0, 0.001
Cyan41, 0, 0, 0.002, 0.004, 0, 0, 0, 0, 0.001
Cyan42, 0, 0, 0.002, 0.002, 0, 0, 0, 0, 0.002
Cyan43, 0, 0, 0.002, 0.001, 0, 0, 0, 0, 0.001
Cyan44, 0, 0, 0.001, 0.001, 0, 0, 0, 0, 0
Cyan45, 0, 0, 0.002, 0.003, 0, 0, 0, 0, 0.002
Cyan46, 0, 0, 0.003, 0.002, 0, 0, 0, 0, 0.001
Cyan47, 0, 0, 0.003, 0.002, 0, 0, 0, 0, 0.002
Cyan7, 0, 0, 0.002, 0.003, 0, 0, 0, 0, 0.002
Cyan8, 0, 0, 0.003, 0.006, 0, 0, 0, 0, 0.003
Cyan9, 0, 0, 0.005, 0.005, 0, 0, 0, 0, 0.003
DTU0X1, 0, 0, 0.002, 0.002, 0, 0.001, 0, 0, 0.001
Defe1, 0, 0, 0.002, 0.002, 0, 0, 0, 0, 0.002
Defe3, 0, 0, 0.002, 0.003, 0, 0, 0, 0, 0.002
Dein1, 0, 0, 0.002, 0.001, 0, 0, 0, 0, 0.001
Dein2, 0, 0, 0.003, 0.003, 0, 0, 0, 0, 0.002
Dein3, 0, 0, 0.003, 0.004, 0, 0, 0, 0, 0.002
Dein4, 0, 0, 0.007, 0.007, 0, 0, 0, 0, 0.006
Dein5, 0, 0, 0.004, 0.004, 0, 0, 0, 0, 0.003
Dein6, 0, 0, 0.003, 0.002, 0, 0, 0, 0, 0.002
Dein7, 0, 0, 0.002, 0.001, 0, 0, 0, 0, 0.001
Desa1, 0, 0, 0.005, 0.004, 0, 0, 0, 0, 0.004
DesuB1, 0, 0, 0.004, 0.004, 0, 0, 0, 0, 0.003
DesuB2, 0, 0, 0.002, 0.001, 0, 0, 0, 0, 0.001
DesuB3, 0, 0, 0.001, 0.002, 0, 0, 0, 0, 0.001
DesuC1, 0, 0, 0.002, 0.002, 0, 0, 0, 0, 0.002
DesuC2, 0, 0, 0.003, 0.004, 0, 0, 0, 0, 0.003
DesuD1, 0, 0, 0.003, 0.004, 0, 0, 0, 0, 0.003
Desua10, 0, 0, 0.003, 0.004, 0, 0, 0, 0, 0.002
Desua11, 0, 0, 0.003, 0.004, 0, 0, 0, 0, 0.002
Desua12, 0, 0, 0.001, 0.002, 0, 0, 0, 0, 0.001
Desua13, 0, 0, 0.001, 0.001, 0, 0, 0, 0, 0.001
Desua14, 0, 0, 0.004, 0.006, 0, 0, 0, 0, 0.003
Desua15, 0, 0, 0.002, 0.001, 0, 0, 0, 0, 0.001
Desua16, 0, 0, 0.001, 0.001, 0, 0, 0, 0, 0
Desua17, 0, 0, 0.006, 0.005, 0, 0, 0, 0, 0.004
Desua19, 0, 0, 0.004, 0.004, 0, 0, 0, 0, 0.003
Desua2, 0, 0, 0.007, 0.007, 0, 0, 0, 0, 0.006
Desua20, 0, 0, 0.004, 0.004, 0, 0, 0, 0, 0.004
Desua21, 0, 0, 0.001, 0, 0, 0, 0, 0, 0
Desua22, 0, 0, 0.003, 0.003, 0, 0, 0, 0, 0.003
Desua24, 0, 0, 0.003, 0.004, 0, 0, 0, 0, 0.003
Desua25, 0, 0, 0.001, 0.001, 0, 0, 0, 0, 0.001
Desua26, 0, 0, 0.001, 0.001, 0, 0, 0, 0, 0.001
Desua27, 0, 0, 0.003, 0.002, 0, 0, 0, 0, 0.002
Desua28, 0, 0, 0.002, 0.001, 0, 0, 0, 0, 0.001
Desua29, 0, 0, 0.003, 0.002, 0, 0, 0, 0, 0.002
Desua3, 0, 0, 0.004, 0.005, 0, 0, 0, 0, 0.003
Desua30, 0, 0, 0.004, 0.004, 0, 0, 0, 0, 0.004
Desua31, 0, 0, 0.002, 0.002, 0, 0, 0, 0, 0.002
Desua32, 0, 0, 0.002, 0.002, 0, 0, 0, 0, 0.002
Desua33, 0, 0, 0.002, 0.002, 0, 0, 0, 0, 0.002
Desua35, 0, 0, 0.002, 0.004, 0, 0, 0, 0, 0.001
Desua36, 0, 0, 0.002, 0.004, 0, 0, 0, 0, 0.002
Desua37, 0, 0, 0.002, 0.002, 0, 0, 0, 0, 0.002
Desua38, 0, 0, 0.002, 0.003, 0, 0, 0, 0, 0.002
Desua39, 0, 0, 0.002, 0.002, 0, 0, 0, 0, 0.002
Desua4, 0, 0, 0.003, 0.005, 0, 0, 0, 0, 0.003
Desua40, 0, 0, 0.002, 0.002, 0, 0, 0, 0, 0.002
Desua41, 0, 0, 0.002, 0.003, 0, 0, 0, 0, 0.001
Desua42, 0, 0, 0.001, 0.001, 0, 0, 0, 0, 0
Desua45, 0, 0, 0.002, 0.002, 0, 0, 0, 0, 0.002
Desua46, 0, 0, 0.002, 0.003, 0, 0, 0, 0, 0.002
Desua47, 0, 0, 0.001, 0.001, 0, 0, 0, 0, 0
Desua48, 0, 0, 0.001, 0.001, 0, 0, 0, 0, 0.001
Desua49, 0, 0, 0.001, 0.001, 0, 0, 0, 0, 0
Desua5, 0, 0, 0.006, 0.009, 0, 0, 0, 0, 0.006
Desua50, 0, 0, 0.004, 0.004, 0, 0, 0, 0, 0.003
Desua52, 0, 0, 0.001, 0.001, 0, 0, 0, 0, 0.001
Desua53, 0, 0, 0.001, 0.001, 0, 0, 0, 0, 0.001
Desua54, 0, 0, 0.002, 0.002, 0, 0, 0, 0, 0.002
Desua6, 0, 0, 0.003, 0.004, 0, 0, 0, 0, 0.002
Desua7, 0, 0, 0.003, 0.002, 0, 0, 0, 0, 0.002
Desua8, 0, 0, 0.001, 0.001, 0, 0, 0, 0, 0
Desua9, 0, 0, 0.004, 0.004, 0, 0, 0, 0, 0.002
Dict1, 0, 0, 0.002, 0.002, 0, 0, 0, 0, 0.002
Dorm1, 0, 0, 0.004, 0.003, 0, 0, 0, 0, 0.003
Dorm2, 0, 0, 0.002, 0.003, 0, 0, 0, 0, 0.001
Dorm3, 0, 0, 0.003, 0.003, 0, 0, 0, 0, 0.003
Dorm4, 0, 0, 0.004, 0.003, 0, 0, 0, 0, 0.002
Dorm5, 0, 0, 0.001, 0.001, 0, 0, 0, 0, 0
Edwa1, 0, 0, 0.002, 0.002, 0, 0, 0, 0, 0.002
Eise2, 0, 0, 0.001, 0.002, 0, 0, 0, 0, 0.001
Eise3, 0, 0, 0.003, 0.003, 0, 0, 0, 0, 0.001
Eise4, 0, 0, 0.004, 0.004, 0, 0, 0, 0, 0.002
Elus1, 0, 0, 0.004, 0.005, 0, 0, 0, 0, 0.004
Elus2, 0, 0, 0.002, 0.002, 0, 0, 0, 0, 0.002
Elus3, 0, 0, 0.004, 0.004, 0, 0, 0, 0, 0.002
Elus4, 0, 0, 0.004, 0.004, 0, 0, 0, 0, 0.003
Elus5, 0, 0, 0.003, 0.003, 0, 0, 0, 0, 0.003
Elus6, 0, 0, 0.005, 0.003, 0, 0, 0, 0, 0.002
Elus7, 0, 0, 0.002, 0.002, 0, 0, 0, 0, 0.002
Elus8, 0, 0, 0.005, 0.005, 0, 0, 0, 0, 0.002
Elus9, 0, 0, 0.001, 0.001, 0, 0, 0, 0, 0.001
Erem2, 0, 0, 0.003, 0.004, 0, 0, 0, 0, 0.003
Erem3, 0, 0, 0.001, 0.002, 0, 0, 0, 0, 0.001
Erem4, 0, 0, 0.004, 0.005, 0, 0, 0, 0, 0.002
Erem5, 0, 0, 0.003, 0.005, 0, 0, 0, 0, 0.001
FCPU1, 0, 0, 0.002, 0.002, 0, 0, 0, 0, 0.002
Ferm1, 0, 0, 0.002, 0.002, 0, 0, 0, 0, 0.002
Fibr1, 0, 0, 0.005, 0.007, 0, 0, 0, 0, 0.005
Fibr2, 0, 0, 0.001, 0.001, 0, 0, 0, 0, 0.001
Fibr5, 0, 0, 0.005, 0.005, 0, 0, 0, 0, 0.005
Fibr6, 0, 0, 0.002, 0.002, 0, 0, 0, 0, 0.001
Fire1, 0, 0, 0.001, 0.001, 0, 0, 0, 0, 0.001
FirmA1, 0, 0, 0.001, 0.001, 0, 0, 0, 0, 0.001
FirmA10, 0, 0, 0.005, 0.005, 0, 0, 0, 0, 0.004
FirmA100, 0, 0, 0.003, 0.004, 0, 0, 0, 0, 0.003
FirmA101, 0, 0, 0.002, 0.002, 0, 0, 0, 0, 0.001
FirmA102, 0, 0, 0.004, 0.004, 0, 0, 0, 0, 0.002
FirmA104, 0, 0, 0.001, 0.001, 0, 0, 0, 0, 0.001
FirmA105, 0, 0, 0.001, 0.001, 0, 0, 0, 0, 0
FirmA106, 0, 0, 0.004, 0.004, 0, 0, 0, 0, 0.003
FirmA108, 0, 0, 0.001, 0.001, 0, 0, 0, 0, 0
FirmA109, 0, 0, 0.002, 0.001, 0, 0, 0, 0, 0.001
FirmA11, 0, 0, 0.002, 0.003, 0, 0, 0, 0, 0.002
FirmA110, 0, 0, 0.002, 0.001, 0, 0, 0, 0, 0.001
FirmA111, 0, 0, 0.003, 0.004, 0, 0, 0, 0, 0.003
FirmA112, 0, 0, 0.002, 0.002, 0, 0, 0, 0, 0.002
FirmA113, 0, 0, 0.003, 0.002, 0, 0, 0, 0, 0.002
FirmA114, 0, 0, 0.001, 0.003, 0, 0, 0, 0, 0
FirmA12, 0, 0, 0.002, 0.003, 0, 0, 0, 0, 0.002
FirmA14, 0, 0, 0.002, 0.002, 0, 0, 0, 0, 0.001
FirmA16, 0, 0, 0.004, 0.006, 0, 0, 0, 0, 0.004
FirmA18, 0, 0, 0.002, 0.002, 0, 0, 0, 0, 0.002
FirmA19, 0, 0, 0.004, 0.004, 0, 0, 0, 0, 0.004
FirmA2, 0, 0, 0.005, 0.006, 0, 0, 0, 0, 0.004
FirmA21, 0, 0, 0.001, 0.001, 0, 0, 0, 0, 0.001
FirmA24, 0, 0, 0.003, 0.003, 0, 0, 0, 0, 0.003
FirmA25, 0, 0, 0.001, 0.001, 0, 0, 0, 0, 0.001
FirmA26, 0, 0, 0.002, 0.001, 0, 0, 0, 0, 0.001
FirmA27, 0, 0, 0.001, 0.002, 0, 0, 0, 0, 0.001
FirmA28, 0, 0, 0.004, 0.004, 0, 0, 0, 0, 0.004
FirmA29, 0, 0, 0.001, 0.001, 0, 0, 0, 0, 0
FirmA30, 0, 0, 0.001, 0.001, 0, 0, 0, 0, 0.001
FirmA31, 0, 0, 0.001, 0.003, 0, 0, 0, 0, 0.001
FirmA32, 0, 0, 0.005, 0.004, 0, 0, 0, 0, 0.004
FirmA33, 0, 0, 0.005, 0.008, 0, 0, 0, 0, 0.004
FirmA34, 0, 0, 0.005, 0.003, 0, 0, 0, 0, 0.003
FirmA35, 0, 0, 0.001, 0, 0, 0, 0, 0, 0
FirmA36, 0, 0, 0.001, 0.001, 0, 0, 0, 0, 0.001
FirmA37, 0, 0, 0.001, 0.001, 0, 0, 0, 0, 0.001
FirmA38, 0, 0, 0.004, 0.005, 0, 0, 0, 0, 0.003
FirmA40, 0, 0, 0.004, 0.005, 0, 0, 0, 0, 0.003
FirmA41, 0, 0, 0.002, 0.002, 0, 0, 0, 0, 0.001
FirmA42, 0, 0, 0.002, 0.002, 0, 0, 0, 0, 0.002
FirmA44, 0, 0, 0.002, 0.002, 0, 0, 0, 0, 0.002
FirmA45, 0, 0, 0.003, 0.003, 0, 0, 0, 0, 0.002
FirmA46, 0, 0, 0.002, 0.002, 0, 0, 0, 0, 0.002
FirmA47, 0, 0, 0.002, 0.003, 0, 0, 0, 0, 0.002
FirmA48, 0, 0, 0.001, 0.001, 0, 0, 0, 0, 0
FirmA49, 0, 0, 0.002, 0.002, 0, 0, 0, 0, 0.001
FirmA5, 0, 0, 0.001, 0, 0, 0, 0, 0, 0
FirmA50, 0, 0, 0.001, 0.001, 0, 0, 0, 0, 0.001
FirmA51, 0, 0, 0.003, 0.003, 0, 0, 0, 0, 0.002
FirmA52, 0, 0, 0.003, 0.004, 0, 0, 0, 0, 0.003
FirmA53, 0, 0, 0.001, 0.001, 0, 0, 0, 0, 0
FirmA54, 0, 0, 0.003, 0.004, 0, 0, 0, 0, 0.003
FirmA55, 0, 0, 0.003, 0.002, 0, 0, 0, 0, 0.002
FirmA58, 0, 0, 0.004, 0.007, 0, 0, 0, 0, 0.003
FirmA59, 0, 0, 0.003, 0.004, 0, 0, 0, 0, 0.002
FirmA6, 0, 0, 0.003, 0.003, 0, 0, 0, 0, 0.002
FirmA60, 0, 0, 0.003, 0.003, 0, 0, 0, 0, 0.002
FirmA61, 0, 0, 0.002, 0.002, 0, 0, 0, 0, 0.001
FirmA62, 0, 0, 0.004, 0.004, 0, 0, 0, 0, 0.003
FirmA63, 0, 0, 0.003, 0.002, 0, 0, 0, 0, 0.001
FirmA64, 0, 0, 0.002, 0.001, 0, 0, 0, 0, 0.001
FirmA65, 0, 0, 0.004, 0.005, 0, 0, 0, 0, 0.003
FirmA66, 0, 0, 0.004, 0.005, 0, 0, 0, 0, 0.003
FirmA67, 0, 0, 0.005, 0.006, 0, 0, 0, 0, 0.004
FirmA68, 0, 0, 0.003, 0.005, 0, 0, 0, 0, 0.003
FirmA69, 0, 0, 0.004, 0.005, 0, 0, 0, 0, 0.003
FirmA7, 0, 0, 0.003, 0.001, 0, 0, 0, 0, 0.001
FirmA70, 0, 0, 0.001, 0.001, 0, 0, 0, 0, 0.001
FirmA71, 0, 0, 0.002, 0.002, 0, 0, 0, 0, 0.002
FirmA72, 0, 0, 0.003, 0.006, 0, 0, 0, 0, 0.002
FirmA73, 0, 0, 0.001, 0.002, 0, 0, 0, 0, 0
FirmA74, 0, 0, 0.002, 0.001, 0, 0, 0, 0, 0.001
FirmA75, 0, 0, 0.002, 0.003, 0, 0, 0, 0, 0.001
FirmA76, 0, 0, 0.004, 0.002, 0, 0, 0, 0, 0.002
FirmA77, 0, 0, 0.001, 0.001, 0, 0, 0, 0, 0.001
FirmA78, 0, 0, 0.002, 0.002, 0, 0, 0, 0, 0.002
FirmA79, 0, 0, 0.003, 0.003, 0, 0, 0, 0, 0.002
FirmA8, 0, 0, 0.004, 0.004, 0, 0, 0, 0, 0.004
FirmA80, 0, 0, 0.003, 0.003, 0, 0, 0, 0, 0.001
FirmA81, 0, 0, 0.001, 0.002, 0, 0, 0, 0, 0.001
FirmA83, 0, 0, 0.003, 0.002, 0, 0, 0, 0, 0.002
FirmA84, 0, 0, 0.002, 0.002, 0, 0, 0, 0, 0.002
FirmA85, 0, 0, 0.003, 0.003, 0, 0, 0, 0, 0.003
FirmA86, 0, 0, 0.003, 0.003, 0, 0, 0, 0, 0.003
FirmA87, 0, 0, 0.006, 0.006, 0, 0, 0, 0, 0.005
FirmA88, 0, 0, 0.001, 0.001, 0, 0, 0, 0, 0
FirmA89, 0, 0, 0.002, 0.002, 0, 0, 0, 0, 0.001
FirmA9, 0, 0, 0.006, 0.006, 0, 0, 0, 0, 0.006
FirmA90, 0, 0, 0.003, 0.003, 0, 0, 0, 0, 0.003
FirmA91, 0, 0, 0.001, 0.002, 0, 0, 0, 0, 0.001
FirmA92, 0, 0, 0.003, 0.003, 0, 0, 0, 0, 0.003
FirmA93, 0, 0, 0.003, 0.003, 0, 0, 0, 0, 0.003
FirmA94, 0, 0, 0.002, 0.001, 0, 0, 0, 0, 0.001
FirmA95, 0, 0, 0.003, 0.003, 0, 0, 0, 0, 0.002
FirmA96, 0, 0, 0.002, 0.002, 0, 0, 0, 0, 0.002
FirmA97, 0, 0, 0.002, 0.001, 0, 0, 0, 0, 0.001
FirmA98, 0, 0, 0.003, 0.003, 0, 0, 0, 0, 0.002
FirmA99, 0, 0, 0.003, 0.003, 0, 0, 0, 0, 0.003
FirmB1, 0, 0, 0.001, 0.002, 0, 0, 0, 0, 0.001
FirmB10, 0, 0, 0.001, 0, 0, 0, 0, 0, 0
FirmB11, 0, 0, 0.004, 0.004, 0, 0, 0, 0, 0.002
FirmB12, 0, 0, 0.005, 0.008, 0, 0, 0, 0, 0.002
FirmB13, 0, 0, 0.001, 0.001, 0, 0, 0, 0, 0.001
FirmB14, 0, 0, 0.001, 0.001, 0, 0, 0, 0, 0.001
FirmB15, 0, 0, 0.003, 0.002, 0, 0, 0, 0, 0.002
FirmB16, 0, 0, 0.001, 0.002, 0, 0, 0, 0, 0.001
FirmB17, 0, 0, 0.002, 0.003, 0, 0, 0, 0, 0.001
FirmB2, 0, 0, 0.002, 0.001, 0, 0, 0, 0, 0
FirmB5, 0, 0, 0.002, 0.002, 0, 0, 0, 0, 0.001
FirmB6, 0, 0, 0.002, 0.002, 0, 0, 0, 0, 0.002
FirmB7, 0, 0, 0.001, 0.001, 0, 0, 0, 0, 0.001
FirmB8, 0, 0, 0.002, 0.002, 0, 0, 0, 0, 0.001
FirmB9, 0, 0, 0.001, 0.001, 0, 0, 0, 0, 0
FirmC1, 0, 0, 0.003, 0.003, 0, 0, 0, 0, 0.003
FirmC10, 0, 0, 0.002, 0.002, 0, 0, 0, 0, 0.001
FirmC11, 0, 0, 0.002, 0.002, 0, 0, 0, 0, 0.001
FirmC12, 0, 0, 0.004, 0.003, 0, 0, 0, 0, 0.002
FirmC13, 0, 0, 0.002, 0.002, 0, 0, 0, 0, 0.002
FirmC14, 0, 0, 0.004, 0.004, 0, 0, 0, 0, 0.003
FirmC15, 0, 0, 0.002, 0.001, 0, 0, 0, 0, 0
FirmC16, 0, 0, 0.003, 0.002, 0, 0, 0, 0, 0.002
FirmC17, 0, 0, 0.003, 0.003, 0, 0, 0, 0, 0.003
FirmC18, 0, 0, 0.004, 0.006, 0, 0, 0, 0, 0.002
FirmC19, 0, 0, 0.003, 0.002, 0, 0, 0, 0, 0.001
FirmC3, 0, 0, 0.001, 0.001, 0, 0, 0, 0, 0
FirmC4, 0, 0, 0.002, 0.006, 0, 0, 0, 0, 0.002
FirmC5, 0, 0, 0.003, 0.003, 0, 0, 0, 0, 0.003
FirmC6, 0, 0, 0.002, 0.002, 0, 0, 0, 0, 0.001
FirmC7, 0, 0, 0.001, 0.002, 0, 0, 0, 0, 0.001
FirmC8, 0, 0, 0.001, 0.001, 0, 0, 0, 0, 0
FirmC9, 0, 0, 0.002, 0.003, 0, 0, 0, 0, 0.002
FirmD1, 0, 0, 0.003, 0.005, 0, 0, 0, 0, 0.002
FirmD2, 0, 0, 0.002, 0.003, 0, 0, 0, 0, 0.001
FirmD3, 0, 0, 0.004, 0.003, 0, 0, 0, 0, 0.003
FirmD4, 0, 0, 0.001, 0.001, 0, 0, 0, 0, 0.001
FirmE1, 0, 0, 0.004, 0.007, 0, 0, 0, 0, 0.004
FirmE2, 0, 0, 0.002, 0.002, 0, 0, 0, 0, 0.002
FirmE3, 0, 0, 0.002, 0.004, 0, 0, 0, 0, 0.002
FirmE4, 0, 0, 0.003, 0.002, 0, 0, 0, 0, 0.001
FirmE5, 0, 0, 0.001, 0.001, 0, 0, 0, 0, 0.001
FirmE6, 0, 0, 0.004, 0.004, 0, 0, 0, 0, 0.002
FirmE7, 0, 0, 0.001, 0.001, 0, 0, 0, 0, 0.001
FirmF1, 0, 0, 0.003, 0.004, 0, 0, 0, 0, 0.003
FirmF2, 0, 0, 0.001, 0.001, 0, 0, 0, 0, 0.001
FirmF3, 0, 0, 0.003, 0.003, 0, 0, 0, 0, 0.003
FirmG1, 0, 0, 0.005, 0.006, 0, 0, 0, 0, 0.004
FirmG2, 0, 0, 0.004, 0.003, 0, 0, 0, 0, 0.002
FirmG3, 0, 0, 0.005, 0.005, 0, 0, 0, 0, 0.005
FirmG4, 0, 0, 0.001, 0.001, 0, 0, 0, 0, 0.001
FirmG5, 0, 0, 0.004, 0.004, 0, 0, 0, 0, 0.003
FirmG6, 0, 0, 0.001, 0.001, 0, 0, 0, 0, 0.001
Firms1, 0, 0, 0.002, 0.002, 0, 0, 0, 0, 0.002
Firms11, 0, 0, 0.105, 0.012, 0, 0, 0, 0, 0.001
Firms12, 0, 0, 0.004, 0.005, 0, 0, 0, 0, 0.004
Firms13, 0, 0, 0.003, 0.006, 0, 0, 0, 0, 0.003
Firms15, 0, 0, 0.002, 0.002, 0, 0, 0, 0, 0.002
Firms16, 0, 0, 0.003, 0.004, 0, 0, 0, 0, 0.003
Firms17, 1, 0, 0.001, 0.519, 1, 0, 1, 0.104, 0.897
Firms18, 0, 0, 0.001, 0.001, 0, 0, 0, 0, 0.001
Firms2, 0, 0, 0.002, 0.003, 0, 0, 0, 0, 0
Firms21, 0, 0, 0.001, 0.001, 0, 0, 0, 0, 0.001
Firms22, 0, 0, 0.002, 0.002, 0, 0, 0, 0, 0.002
Firms23, 0, 0, 0.001, 0.001, 0, 0, 0, 0, 0.001
Firms24, 0, 0, 0.003, 0.004, 0, 0, 0, 0, 0.001
Firms26, 0, 0, 0.003, 0.001, 0, 0, 0, 0, 0.001
Firms27, 0, 0, 0.002, 0.002, 0, 0, 0, 0, 0.002
Firms28, 0, 0, 0.007, 0.009, 0, 0, 0, 0, 0.006
Firms29, 0, 0, 0.003, 0.004, 0, 0, 0, 0, 0.003
Firms3, 0, 0, 0.003, 0.003, 0, 0, 0, 0, 0.003
Firms30, 0, 0, 0.003, 0.002, 0, 0, 0, 0, 0.002
Firms31, 0, 0, 0.004, 0.004, 0, 0, 0, 0, 0.003
Firms32, 0, 0, 0.005, 0.006, 0, 0, 0, 0, 0.005
Firms33, 0, 0, 0.002, 0.003, 0, 0, 0, 0, 0.002
Firms4, 1, 0, 0.001, 0.498, 1, 0, 1, 0.026, 0.975
Firms5, 0, 0, 0.001, 0.001, 0, 0, 0, 0, 0.001
Firms6, 0, 0, 0.001, 0.001, 0, 0, 0, 0, 0.001
Firms7, 0, 0, 0.004, 0.004, 0, 0, 0, 0, 0.004
Firms8, 0, 0, 0.003, 0.002, 0, 0, 0, 0, 0.001
Firms9, 0, 0, 0.001, 0.001, 0, 0, 0, 0, 0.001
Fuso2, 0, 0, 0.005, 0.005, 0, 0, 0, 0, 0.005
Gemm2, 0, 0, 0.001, 0.001, 0, 0, 0, 0, 0.001
Gemm3, 0, 0, 0.003, 0.003, 0, 0, 0, 0, 0.001
Gemm4, 0, 0, 0.002, 0.002, 0, 0, 0, 0, 0.002
Gemm5, 0, 0, 0.003, 0.003, 0, 0, 0, 0, 0.003
Gemm6, 0, 0, 0.004, 0.002, 0, 0, 0, 0, 0.002
Gemm7, 0, 0, 0.001, 0.003, 0, 0, 0, 0, 0
Gemm8, 0, 0, 0.003, 0.003, 0, 0, 0, 0, 0.003
Gemm9, 0, 0, 0.002, 0.001, 0, 0, 0, 0, 0.001
GemmA1, 0, 0, 0.002, 0.002, 0, 0, 0, 0, 0.002
Gold1, 0, 0, 0.001, 0.001, 0, 0, 0, 0, 0.001
Gold2, 0, 0, 0.004, 0.004, 0, 0, 0, 0, 0.004
Hydr1, 0, 0, 0.002, 0.002, 0, 0, 0, 0, 0.001
Hydr2, 0, 0, 0.002, 0.002, 0, 0, 0, 0, 0.001
J088X1, 0, 0, 0.002, 0.001, 0, 0, 0, 0, 0.001
KSB1X1, 0, 0, 0.006, 0.006, 0, 0, 0, 0, 0.005
KSB1X2, 0, 0, 0.003, 0.003, 0, 0, 0, 0, 0.002
KSB1X3, 0, 0, 0.005, 0.005, 0, 0, 0, 0, 0.004
KSB1X4, 0, 0, 0.003, 0.003, 0, 0, 0, 0, 0.002
Krum1, 0, 0, 0.001, 0.001, 0, 0, 0, 0, 0.001
Late2, 0, 0, 0.003, 0.004, 0, 0, 0, 0, 0.003
Late3, 0, 0, 0.005, 0.005, 0, 0, 0, 0, 0.005
Lind1, 0, 0, 0.002, 0.001, 0, 0, 0, 0, 0.001
Lind2, 0, 0, 0.003, 0.004, 0, 0, 0, 0, 0.002
Lind4, 0, 0, 0.003, 0.003, 0, 0, 0, 0, 0.003
Marg1, 0, 0, 0.001, 0.001, 0, 0, 0, 0, 0.001
Marg2, 0, 0, 0.007, 0.01, 0, 0, 0, 0, 0.007
Marg6, 0, 0, 0.003, 0.003, 0, 0, 0, 0, 0.003
Marg7, 0, 0, 0.002, 0.002, 0, 0, 0, 0, 0.002
Mari1, 0, 0, 0.001, 0.001, 0, 0, 0, 0, 0.001
Mari2, 0, 0, 0.002, 0.001, 0, 0, 0, 0, 0.001
Mari3, 0, 0, 0.003, 0.003, 0, 0, 0, 0, 0.002
Mari5, 0, 0, 0.001, 0.001, 0, 0, 0, 0, 0.001
Mari6, 0, 0, 0.001, 0.001, 0, 0, 0, 0, 0.001
Meth1, 0, 0, 0.004, 0.005, 0, 0, 0, 0, 0.003
Meth2, 0, 0, 0.002, 0.001, 0, 0, 0, 0, 0.001
Meth3, 0, 0, 0.001, 0.001, 0, 0, 0, 0, 0.001
Meth4, 0, 0, 0.001, 0.001, 0, 0, 0, 0, 0.001
Meth5, 0, 0, 0.002, 0.002, 0, 0, 0, 0, 0.001
Muir1, 0, 0, 0.003, 0.003, 0, 0.001, 0, 0, 0.002
MyxA1, 0, 0, 0.005, 0.003, 0, 0, 0, 0, 0.003
MyxA2, 0, 0, 0.003, 0.002, 0, 0, 0, 0, 0.002
MyxA3, 0, 0, 0.004, 0.005, 0, 0, 0, 0, 0.003
MyxA4, 0, 0, 0.002, 0.002, 0, 0, 0, 0, 0.002
Myxo1, 0, 0, 0.004, 0.005, 0, 0, 0, 0, 0.003
Myxo10, 0, 0, 0.061, 0.015, 0, 0, 0, 0, 0.001
Myxo11, 0, 0, 0.003, 0.003, 0, 0, 0, 0, 0.002
Myxo13, 0, 0, 0.001, 0, 0, 0, 0, 0, 0
Myxo14, 0, 0, 0.001, 0.002, 0, 0, 0, 0, 0.001
Myxo15, 0, 0, 0.27, 0.053, 0, 0, 0, 0, 0.001
Myxo17, 0, 0, 0.002, 0.001, 0, 0, 0, 0, 0.001
Myxo18, 1, 0, 0.003, 0.264, 1, 0, 1, 0.269, 0.734
Myxo19, 0, 0, 0.002, 0.003, 0, 0, 0, 0, 0.001
Myxo2, 0, 0, 0.004, 0.003, 0, 0, 0, 0, 0.003
Myxo5, 0, 0, 0.003, 0.01, 0, 0, 0, 0, 0.003
Myxo8, 0, 0, 0.001, 0.002, 0, 0, 0, 0, 0.001
Myxo9, 0, 0, 0.002, 0.003, 0, 0, 0, 0, 0.002
NPL1, 0, 0, 0.003, 0.003, 0, 0, 0, 0, 0.003
Nitr1, 0, 0, 0.005, 0.007, 0, 0, 0, 0, 0.005
Nitr10, 0, 0, 0.001, 0.001, 0, 0, 0, 0, 0.001
Nitr11, 0, 0, 0.002, 0.003, 0, 0, 0, 0, 0.001
Nitr13, 0, 0, 0.003, 0.003, 0, 0, 0, 0, 0.003
Nitr14, 0, 0, 0.001, 0.001, 0, 0, 0, 0, 0.001
Nitr15, 0, 0, 0.002, 0.002, 0, 0, 0, 0, 0.002
Nitr16, 0, 0, 0.001, 0, 0, 0, 0, 0, 0
Nitr17, 0, 0, 0.002, 0.002, 0, 0, 0, 0, 0.001
Nitr2, 0, 0, 0.002, 0.004, 0, 0, 0, 0, 0.002
Nitr3, 0, 0, 0.001, 0.001, 0, 0, 0, 0, 0.001
Nitr5, 0, 0, 0.003, 0.002, 0, 0, 0, 0, 0.002
Nitr6, 0, 0, 0.001, 0.001, 0, 0, 0, 0, 0.001
Nitr7, 0, 0, 0.003, 0.003, 0, 0, 0, 0, 0.003
Nitr8, 0, 0, 0.003, 0.003, 0, 0, 0, 0, 0.003
Nitr9, 0, 0, 0.002, 0.002, 0, 0, 0, 0, 0.002
Nits1, 0, 0, 0.003, 0.005, 0, 0, 0, 0, 0.001
Nits2, 0, 0, 0.002, 0.004, 0, 0, 0, 0, 0.002
Nits3, 0, 0, 0.002, 0, 0, 0, 0, 0, 0
Nits4, 0, 0, 0.001, 0.001, 0, 0, 0, 0, 0.001
NitsA1, 0, 0, 0.002, 0.001, 0, 0, 0, 0, 0.001
NitsA2, 0, 0, 0.004, 0.004, 0, 0, 0, 0, 0.003
NitsA3, 0, 0, 0.005, 0.006, 0, 0, 0, 0, 0.005
Node_AABM5X1_AABM5X2_0, 0, 0, 0.001, 0.002, 0, 0, 0, 0, 0.001
Node_AABM5X1_AABM5X3_0, 0, 0, 0.003, 0.004, 0, 0, 0, 0, 0.003
Node_Acid11_Acid31_0, 0, 0, 0.001, 0.001, 0, 0, 0, 0, 0.001
Node_Acid12_Acid13_0, 0, 0, 0.004, 0.005, 0, 0, 0, 0, 0.003
Node_Acid23_Acid12_0, 0.001, 0, 0.002, 0.006, 0.001, 0, 0.001, 0, 0.002
Node_Acid29_Acid27_0, 0.001, 0, 0.002, 0.001, 0.001, 0, 0.001, 0, 0.002
Node_Acid32_Acid25_0, 0.002, 0, 0.002, 0, 0.002, 0, 0.002, 0, 0.002
Node_Acid32_Acid26_0, 0, 0, 0.003, 0.003, 0, 0, 0, 0, 0.001
Node_Acid34_Acid22_0, 0, 0, 0.001, 0.001, 0, 0, 0, 0, 0.001
Node_Acid34_Acid24_0, 0, 0, 0.001, 0.001, 0, 0, 0, 0, 0.001
Node_Acid34_Acid29_0, 0.001, 0, 0, 0.001, 0.001, 0, 0.001, 0, 0.001
Node_Acid34_Acid33_0, 0, 0, 0.002, 0.002, 0, 0, 0, 0, 0.002
Node_Acid37_Acid21_0, 0.001, 0, 0.001, 0.001, 0.001, 0, 0.001, 0.001, 0
Node_Acid37_Acid30_0, 0, 0, 0.005, 0.005, 0, 0, 0, 0, 0.004
Node_Acid37_Acid32_0, 0.002, 0, 0.001, 0.003, 0.002, 0, 0.002, 0.001, 0.002
Node_Acid38_Acid10_0, 0.001, 0, 0, 0, 0.001, 0, 0.001, 0, 0.001
Node_Acid38_Acid1_0, 0, 0, 0.001, 0.001, 0, 0.001, 0, 0, 0
Node_Acid38_Acid34_0, 0, 0, 0.001, 0.002, 0, 0, 0, 0, 0.001
Node_Acid38_Acid36_0, 0, 0, 0.002, 0.001, 0, 0, 0, 0, 0
Node_Acid38_Acid40_0, 0.002, 0, 0.003, 0.004, 0.002, 0, 0.002, 0.001, 0.003
Node_Acid38_Acid4_0, 0.001, 0, 0.002, 0.002, 0.001, 0, 0.001, 0, 0.002
Node_Acid38_Acid7_0, 0.002, 0, 0.003, 0.003, 0.002, 0, 0.002, 0, 0.004
Node_Acid39_Acid35_0, 0, 0, 0.003, 0.003, 0, 0, 0, 0, 0.003
Node_Acid3_Acid14_0, 0, 0, 0.002, 0.003, 0, 0, 0, 0, 0.002
Node_Acid3_Acid6_0, 0, 0, 0.001, 0.001, 0, 0, 0, 0, 0.001
Node_Acid40_Acid20_0, 0.001, 0, 0.001, 0.001, 0.001, 0, 0.001, 0.001, 0
Node_Acid5_Acid23_0, 0.001, 0, 0.001, 0.001, 0.001, 0, 0.001, 0.001, 0.001
Node_Acid5_Acid37_0, 0.001, 0, 0, 0, 0.001, 0, 0.001, 0, 0.001
Node_Acid6_Acid28_0, 0, 0, 0.001, 0.001, 0, 0, 0, 0, 0.001
Node_Acti10_Acti11_0, 0.001, 0, 0, 0.003, 0.001, 0, 0.001, 0, 0.001
Node_Acti10_Acti25_0, 0, 0, 0.001, 0.001, 0, 0, 0, 0, 0
Node_Acti10_Acti31_0, 0.001, 0, 0.001, 0.001, 0.001, 0, 0.001, 0, 0.002
Node_Acti10_Acti3_0, 0, 0, 0.002, 0.001, 0, 0, 0, 0, 0.001
Node_Acti10_Acti7_0, 0.001, 0, 0.002, 0.002, 0.001, 0, 0.001, 0, 0.002
Node_Acti11_Acti22_0, 0, 0, 0.001, 0, 0, 0, 0, 0, 0
Node_Acti12_Acti21_0, 0.001, 0, 0.004, 0.009, 0.001, 0, 0.001, 0, 0.004
Node_Acti12_Acti48_0, 0.001, 0, 0.001, 0.001, 0.001, 0, 0.001, 0, 0.001
Node_Acti14_Acti33_0, 0.001, 0, 0, 0, 0.001, 0, 0.001, 0, 0.001
Node_Acti14_Acti34_0, 0.001, 0, 0.004, 0.004, 0.001, 0, 0.001, 0.001, 0.004
Node_Acti14_Acti6_0, 0.001, 0, 0.001, 0.001, 0.001, 0, 0.001, 0, 0.001
Node_Acti18_Acti16_0, 0, 0, 0.001, 0, 0, 0, 0, 0, 0
Node_Acti18_Acti4_0, 0.001, 0, 0, 0, 0.001, 0, 0.001, 0, 0.001
Node_Acti19_Acti13_0, 0.003, 0, 0.013, 0.001, 0.003, 0, 0.003, 0.002, 0.001
Node_Acti19_Acti23_0, 0.002, 0, 0.005, 0.003, 0.002, 0, 0.002, 0, 0.004
Node_Acti19_Acti49_0, 0.015, 0, 0, 0, 0.015, 0, 0.015, 0.003, 0.012
Node_Acti19_Acti8_0, 0.003, 0, 0, 0.001, 0.003, 0, 0.003, 0, 0.003
Node_Acti33_Acti35_0, 0, 0, 0.003, 0.002, 0, 0, 0, 0, 0.002
Node_Acti43_Acti36_0, 0, 0, 0.001, 0, 0, 0, 0, 0, 0
Node_Acti46_Acti41_0, 0.002, 0, 0.001, 0.002, 0.002, 0, 0.002, 0, 0.003
Node_Acti47_Acti45_0, 0, 0, 0.001, 0.001, 0, 0, 0, 0, 0.001
Node_Acti49_Acti15_0, 0.879, 0, 0.009, 0.003, 0.878, 0, 0.879, 0.877, 0.003
Node_Acti49_Acti32_0, 0.005, 0, 0.902, 0.01, 0.005, 0, 0.005, 0.003, 0.004
Node_Acti49_Acti38_0, 0.903, 0, 0.001, 0.006, 0.903, 0, 0.903, 0.878, 0.025
Node_Acti49_Acti40_0, 0.885, 0, 0, 0.047, 0.885, 0, 0.885, 0.015, 0.87
Node_Acti50_Acti28_0, 0, 0, 0.001, 0.002, 0, 0, 0, 0, 0.001
Node_Acti50_Acti43_0, 0.001, 0, 0.002, 0.003, 0.001, 0, 0.001, 0, 0.003
Node_Acti50_Acti46_0, 0, 0, 0.002, 0.004, 0, 0, 0, 0, 0.001
Node_Acti50_Acti47_0, 0, 0, 0.002, 0.001, 0, 0, 0, 0, 0.001
Node_Acti50_Acti52_0, 0.001, 0, 0.001, 0.001, 0.001, 0, 0.001, 0, 0.002
Node_Acti51_Acti27_0, 0, 0, 0.001, 0.001, 0, 0, 0, 0, 0.001
Node_Acti52_Acti12_0, 0.001, 0, 0.003, 0.005, 0.001, 0, 0.001, 0.001, 0.002
Node_Acti52_Acti37_0, 0.002, 0, 0.003, 0.003, 0.002, 0, 0.002, 0, 0.004
Node_Acti52_Acti44_0, 0, 0, 0.003, 0.004, 0, 0, 0, 0, 0.002
Node_Acti8_Acti24_0, 0, 0, 0.001, 0.002, 0, 0, 0, 0, 0.001
Node_Acti8_Acti2_0, 0, 0, 0.003, 0, 0, 0, 0, 0, 0
Node_Aqui2_Aqui1_0, 0, 0, 0.001, 0.001, 0, 0, 0, 0, 0.001
Node_Aqui2_Aqui5_0, 0, 0, 0.003, 0.002, 0, 0, 0, 0, 0.002
Node_Aqui2_Aqui6_0, 0.001, 0, 0.001, 0.001, 0.001, 0, 0.001, 0, 0.002
Node_Aqui2_Thers1_0, 0, 0, 0.001, 0.001, 0, 0.001, 0, 0, 0
Node_Aqui6_Aqui4_0, 0.001, 0, 0.004, 0.005, 0.001, 0, 0.001, 0, 0.004
Node_Arma12_Arma7_0, 0.001, 0, 0.001, 0.001, 0.001, 0, 0.001, 0, 0.002
Node_Arma15_Arma13_0, 0.001, 0, 0.001, 0.001, 0.001, 0, 0.001, 0, 0.001
Node_Arma4_Erem6_0, 0, 0, 0.001, 0.001, 0, 0, 0, 0, 0.001
Node_Arma6_Arma15_0, 0.001, 0, 0.003, 0.004, 0.001, 0, 0.001, 0, 0.004
Node_Arma6_Arma16_0, 0.001, 0, 0.001, 0.003, 0.001, 0, 0.001, 0.001, 0.001
Node_Arma6_Arma3_0, 0.001, 0, 0, 0, 0.001, 0, 0.001, 0, 0.001
Node_Arma6_Arma9_0, 0, 0, 0.001, 0, 0, 0, 0, 0, 0
Node_Bact1_Bact11_0, 0, 0, 0.003, 0.002, 0, 0, 0, 0, 0.002
Node_Bact1_Bact17_0, 0.001, 0, 0.001, 0, 0.001, 0, 0.001, 0, 0.001
Node_Bact20_Bact1_0, 0.001, 0, 0.003, 0.002, 0.001, 0, 0.001, 0.001, 0.001
Node_Bact20_Bact30_0, 0.001, 0, 0.001, 0.002, 0.001, 0, 0.001, 0, 0.001
Node_Bact21_Bact29_0, 0.271, 0, 0.006, 0.071, 0.271, 0, 0.271, 0.068, 0.208
Node_Bact21_Bact36_0, 0.069, 0, 0, 0.004, 0.069, 0, 0.069, 0.037, 0.032
Node_Bact21_Bact44_0, 0.037, 0, 0.004, 0.003, 0.037, 0, 0.037, 0.034, 0.003
Node_Bact22_Bact31_0, 0.004, 0, 0.004, 0.006, 0.004, 0, 0.004, 0.001, 0.006
Node_Bact22_Bact5_0, 0.002, 0, 0, 0, 0.002, 0, 0.002, 0.001, 0.001
Node_Bact23_Bact28_0, 0, 0, 0.001, 0.002, 0, 0, 0, 0, 0.001
Node_Bact23_Bact4_0, 0, 0, 0.001, 0.001, 0, 0, 0, 0, 0.001
Node_Bact25_Bact20_0, 0.003, 0, 0.001, 0.002, 0.003, 0, 0.003, 0.002, 0.002
Node_Bact25_Bact2_0, 0.002, 0, 0, 0, 0.002, 0, 0.002, 0, 0.002
Node_Bact27_Bact19_0, 0.043, 0, 0.002, 0.011, 0.043, 0, 0.043, 0.036, 0.007
Node_Bact27_Bact21_0, 0.038, 0, 0, 0.005, 0.038, 0.001, 0.038, 0.005, 0.033
Node_Bact27_Bact22_0, 0.001, 0, 0, 0, 0.001, 0, 0.001, 0, 0.001
Node_Bact27_Bact35_0, 0.282, 0, 0.003, 0.102, 0.282, 0, 0.282, 0.043, 0.242
Node_Bact27_Bact37_0, 0.004, 0, 0, 0, 0.004, 0, 0.004, 0.001, 0.003
Node_Bact27_Bact40_0, 0.999, 0, 0.001, 0.411, 0.998, 0, 0.999, 0.282, 0.718
Node_Bact29_Bact9_0, 1, 0, 0.001, 0.362, 1, 0, 1, 0.27, 0.73
Node_Bact30_Bact32_0, 0.001, 0, 0.001, 0, 0.001, 0, 0.001, 0, 0.001
Node_Bact31_Bact38_0, 0.001, 0, 0.005, 0.005, 0.001, 0, 0.001, 0, 0.002
Node_Bact33_Bact10_0, 0.001, 0, 0.001, 0.001, 0.001, 0, 0.001, 0, 0.002
Node_Bact33_Bact39_0, 0.002, 0, 0, 0, 0.002, 0, 0.002, 0.001, 0.001
Node_Bact33_Bact6_0, 0, 0, 0.001, 0.001, 0, 0, 0, 0, 0.001
Node_Bact36_Bact43_0, 0.002, 0, 0.067, 0.012, 0.002, 0, 0.002, 0.002, 0
Node_Bact37_Bact33_0, 0, 0, 0.004, 0, 0, 0, 0, 0, 0
Node_Bact37_Bact42_0, 0, 0, 0.004, 0.005, 0, 0, 0, 0, 0.004
Node_Bact3_Bact14_0, 0, 0, 0.001, 0.001, 0, 0, 0, 0, 0.001
Node_Bact40_Bact41_0, 1.002, 0, 0.005, 0.073, 1, 0, 1.002, 0.996, 0.008
Node_Bact5_Bact16_0, 0.001, 0, 0.007, 0.006, 0.001, 0, 0.001, 0, 0.006
Node_Bact7_Bact8_0, 0, 0, 0.006, 0.007, 0, 0, 0, 0, 0.006
Node_Bdell12_Bdell3_0, 0, 0, 0.001, 0.002, 0, 0, 0, 0, 0.001
Node_Bdell14_Bdell4_0, 0.001, 0, 0.003, 0.004, 0.001, 0, 0.001, 0, 0.004
Node_Bdell15_Bdell7_0, 0.001, 0, 0.002, 0.002, 0.001, 0, 0.001, 0, 0.003
Node_Bdell15_Bdell9_0, 0, 0, 0.004, 0.005, 0, 0, 0, 0, 0.003
Node_Bdell17_Bdell15_0, 0, 0, 0.001, 0, 0, 0, 0, 0, 0
Node_Bdell2_Bdell10_0, 0.001, 0, 0, 0, 0.001, 0, 0.001, 0.001, 0
Node_Bdell6_Bdell17_0, 0.001, 0, 0, 0, 0.001, 0, 0.001, 0.001, 0
Node_Bdell6_Bdell2_0, 0.001, 0, 0.001, 0.001, 0.001, 0, 0.001, 0.001, 0.001
Node_Bdell6_UBA1X6_0, 0.001, 0, 0, 0.001, 0.001, 0, 0.001, 0.001, 0
Node_Bdell7_Bdell5_0, 0.001, 0, 0.002, 0.001, 0.001, 0, 0.001, 0, 0.002
Node_BdellC1_BdellC2_0, 0, 0, 0.001, 0.001, 0, 0, 0, 0, 0.001
Node_Bipo1_Bipo2_0, 0, 0, 0.001, 0.001, 0, 0, 0, 0, 0.001
Node_Caldit2_Caldit1_0, 0, 0, 0.003, 0.004, 0, 0, 0, 0, 0.003
Node_Camp14_Camp15_0, 0, 0, 0.002, 0.002, 0, 0, 0, 0, 0.001
Node_Camp1_Camp3_0, 0.002, 0, 0.002, 0.002, 0.002, 0, 0.002, 0, 0.004
Node_Camp1_Camp9_0, 0, 0, 0.001, 0, 0, 0, 0, 0, 0
Node_Camp1_UBP6X1_0, 0.001, 0, 0, 0, 0.001, 0.001, 0.001, 0.001, 0
Node_Camp2_Camp13_0, 0.002, 0, 0.001, 0.002, 0.002, 0, 0.002, 0.001, 0.001
Node_Camp2_Camp4_0, 0.002, 0, 0.002, 0.005, 0.002, 0, 0.002, 0.001, 0.003
Node_Camp2_Camp7_0, 0.001, 0, 0, 0, 0.001, 0, 0.001, 0, 0.001
Node_Camp4_Camp16_0, 0, 0, 0.003, 0.002, 0, 0, 0, 0, 0.001
Node_Camp5_Camp10_0, 0.001, 0, 0.003, 0.003, 0.001, 0, 0.001, 0.001, 0.003
Node_Camp5_Camp12_0, 0.001, 0, 0, 0, 0.001, 0, 0.001, 0, 0.001
Node_Camp7_Camp14_0, 0.001, 0, 0.001, 0.001, 0.001, 0, 0.001, 0, 0.001
Node_Camp9_Camp6_0, 0, 0, 0.002, 0.002, 0, 0, 0, 0, 0.002
Node_Chlo26_Chlo11_0, 0, 0, 0.001, 0.001, 0, 0, 0, 0, 0.001
Node_Chlo26_Chlo9_0, 0, 0, 0.002, 0.002, 0, 0, 0, 0, 0.002
Node_Chlo30_Chlo23_0, 0, 0, 0.002, 0.002, 0, 0, 0, 0, 0.001
Node_Chlo30_Chlo36_0, 0.001, 0, 0, 0, 0.001, 0, 0.001, 0, 0.001
Node_Chlo30_Chlo37_0, 0, 0, 0.001, 0.001, 0, 0, 0, 0, 0.001
Node_Chlo30_Chlo38_0, 0, 0, 0.001, 0, 0, 0, 0, 0, 0
Node_Chlo30_Dorm2_0, 0.001, 0, 0, 0, 0.001, 0.001, 0.001, 0.001, 0
Node_Chlo31_Chlo25_0, 0, 0, 0.001, 0.001, 0, 0, 0, 0, 0.001
Node_Chlo35_Chlo21_0, 0, 0, 0.001, 0.001, 0, 0, 0, 0, 0.001
Node_Chlo36_Chlo13_0, 0.002, 0, 0.003, 0.003, 0.002, 0, 0.002, 0.001, 0.004
Node_Chlo36_Chlo14_0, 0.001, 0, 0, 0, 0.001, 0, 0.001, 0, 0.001
Node_Chlo36_Chlo28_0, 0, 0, 0.003, 0.003, 0, 0, 0, 0, 0.003
Node_Chlo36_Chlo33_0, 0, 0, 0.001, 0.002, 0, 0, 0, 0, 0.001
Node_Chlo36_Chlo40_0, 0.002, 0, 0.002, 0.001, 0.002, 0, 0.002, 0, 0.002
Node_Chlo36_Chlo5_0, 0.001, 0, 0.002, 0.004, 0.001, 0, 0.001, 0.001, 0.002
Node_Chlo36_Chlo8_0, 0, 0, 0.001, 0, 0, 0, 0, 0, 0
Node_Chlo38_Chlo19_0, 0.002, 0, 0.001, 0.001, 0.002, 0, 0.002, 0, 0.003
Node_Chlo41_Chlo39_0, 0.001, 0, 0.001, 0.003, 0.001, 0, 0.001, 0, 0.002
Node_Chlo41_Chlo4_0, 0, 0, 0.001, 0.001, 0, 0, 0, 0, 0.001
Node_Chlo42_Chlo34_0, 0.002, 0, 0.001, 0.001, 0.002, 0, 0.002, 0.001, 0.002
Node_Chlo43_Chlo42_0, 0.001, 0, 0.001, 0.003, 0.001, 0, 0.001, 0, 0.002
Node_Chlo44_Chlo17_0, 0, 0, 0.002, 0.002, 0, 0, 0, 0, 0.002
Node_Chlo44_Chlo22_0, 0, 0, 0.002, 0.002, 0, 0, 0, 0, 0.002
Node_Chlo45_Chlo27_0, 0, 0, 0.001, 0.001, 0, 0, 0, 0, 0.001
Node_Chlo45_Chlo46_0, 0, 0, 0.002, 0.004, 0, 0, 0, 0, 0.002
Node_Chlo47_Chlo48_0, 0, 0, 0.001, 0.001, 0, 0, 0, 0, 0.001
Node_Chlo48_Chlo10_0, 0.001, 0, 0.001, 0.001, 0.001, 0, 0.001, 0, 0.002
Node_Chlo5_Chlo16_0, 0, 0, 0.005, 0.005, 0, 0, 0, 0, 0.004
Node_Chlo6_Chlo18_0, 0.001, 0, 0.002, 0.003, 0.001, 0, 0.001, 0, 0.003
Node_Chlo7_Chlo15_0, 0, 0, 0.001, 0.001, 0, 0, 0, 0, 0.001
Node_Cyan10_Cyan45_0, 0, 0, 0.001, 0.001, 0, 0, 0, 0, 0.001
Node_Cyan10_Cyan46_0, 0, 0, 0.003, 0.002, 0, 0, 0, 0, 0.002
Node_Cyan11_Cyan26_0, 0.001, 0, 0.005, 0.004, 0.001, 0, 0.001, 0.001, 0.003
Node_Cyan12_Cyan13_0, 0, 0, 0.004, 0.006, 0, 0, 0, 0, 0.004
Node_Cyan13_Cyan18_0, 0.001, 0, 0, 0, 0.001, 0, 0.001, 0, 0.001
Node_Cyan14_Cyan15_0, 0, 0, 0.004, 0.004, 0, 0, 0, 0, 0.002
Node_Cyan14_Cyan16_0, 0.002, 0, 0.001, 0.002, 0.002, 0, 0.002, 0.001, 0.002
Node_Cyan14_Cyan23_0, 0.001, 0, 0.005, 0.005, 0.001, 0, 0.001, 0, 0.005
Node_Cyan16_Cyan29_0, 0, 0, 0.004, 0.002, 0, 0, 0, 0, 0.002
Node_Cyan19_Cyan22_0, 0, 0, 0.002, 0.003, 0, 0, 0, 0, 0.002
Node_Cyan19_Cyan47_0, 0, 0, 0.002, 0.002, 0, 0, 0, 0, 0.002
Node_Cyan31_Cyan34_0, 0, 0, 0.003, 0.002, 0, 0, 0, 0, 0.001
Node_Cyan33_Cyan21_0, 0.001, 0, 0.006, 0.004, 0.001, 0, 0.001, 0, 0.003
Node_Cyan40_Cyan10_0, 0.001, 0, 0.002, 0.004, 0.001, 0, 0.001, 0, 0.003
Node_Cyan40_Cyan11_0, 0.003, 0, 0.005, 0.005, 0.003, 0, 0.003, 0, 0.006
Node_Cyan40_Cyan14_0, 0.001, 0, 0, 0, 0.001, 0, 0.001, 0, 0.001
Node_Cyan40_Cyan19_0, 0, 0, 0.003, 0.004, 0, 0, 0, 0, 0.002
Node_Cyan40_Cyan24_0, 0, 0, 0.002, 0.001, 0, 0, 0, 0, 0.001
Node_Cyan40_Cyan25_0, 0.002, 0, 0.002, 0.003, 0.002, 0, 0.002, 0, 0.003
Node_Cyan40_Cyan27_0, 0, 0, 0.003, 0.002, 0, 0, 0, 0, 0
Node_Cyan40_Cyan36_0, 0.001, 0, 0, 0, 0.001, 0, 0.001, 0, 0.001
Node_Cyan42_Cyan3_0, 0, 0, 0.001, 0.001, 0, 0, 0, 0, 0.001
Node_Cyan46_Cyan30_0, 0.001, 0, 0, 0.001, 0.001, 0, 0.001, 0, 0.001
Node_Cyan46_Cyan31_0, 0.002, 0, 0.002, 0.001, 0.002, 0, 0.002, 0, 0.003
Node_Cyan46_Cyan32_0, 0.002, 0, 0.001, 0, 0.002, 0, 0.002, 0, 0.002
Node_Cyan46_Cyan33_0, 0.004, 0, 0.002, 0.001, 0.004, 0, 0.004, 0.001, 0.004
Node_Cyan46_Cyan41_0, 0.001, 0, 0.007, 0.008, 0.001, 0, 0.001, 0, 0.004
Node_Cyan47_Cyan43_0, 0.001, 0, 0.004, 0.006, 0.001, 0, 0.001, 0, 0.005
Node_Cyan47_Cyan44_0, 0.001, 0, 0.001, 0.001, 0.001, 0, 0.001, 0.001, 0.001
Node_Cyan4_Cyan9_0, 0.002, 0, 0, 0, 0.002, 0, 0.002, 0, 0.002
Node_DTU0X1_SLNR1_0, 0, 0, 0.001, 0.001, 0, 0, 0, 0, 0
Node_Defe3_Defe1_0, 0, 0, 0.002, 0.002, 0, 0, 0, 0, 0.002
Node_Dein4_Dein2_0, 0.001, 0, 0.001, 0.001, 0.001, 0, 0.001, 0, 0.001
Node_Dein4_Dein6_0, 0.001, 0, 0.003, 0.003, 0.001, 0, 0.001, 0, 0.003
Node_Dein5_Dein1_0, 0.001, 0, 0, 0, 0.001, 0, 0.001, 0, 0.001
Node_Dein5_Dein4_0, 0.001, 0, 0, 0, 0.001, 0, 0.001, 0, 0.001
Node_Dein5_Dein7_0, 0, 0, 0.002, 0.002, 0, 0, 0, 0, 0.001
Node_Dein7_Dein3_0, 0.001, 0, 0.001, 0.002, 0.001, 0, 0.001, 0, 0.002
Node_DesuB1_DesuB2_0, 0.001, 0, 0, 0, 0.001, 0, 0.001, 0, 0.001
Node_DesuB4_DesuB1_0, 0, 0, 0.002, 0.002, 0, 0, 0, 0, 0.002
Node_DesuB4_DesuB3_0, 0, 0, 0.003, 0.003, 0, 0, 0, 0, 0.003
Node_DesuD2_DesuD1_0, 0, 0, 0.002, 0.002, 0, 0, 0, 0, 0.002
Node_Desua11_Desua27_0, 0.001, 0, 0.002, 0.002, 0.001, 0, 0.001, 0, 0.002
Node_Desua16_Desua15_0, 0.001, 0, 0.001, 0.003, 0.001, 0, 0.001, 0, 0.002
Node_Desua16_Desua20_0, 0, 0, 0.001, 0.001, 0, 0, 0, 0, 0.001
Node_Desua16_Desua24_0, 0, 0, 0.002, 0.002, 0, 0, 0, 0, 0.002
Node_Desua16_Desua9_0, 0, 0, 0.002, 0.002, 0, 0, 0, 0, 0.002
Node_Desua1_Desua34_0, 0, 0, 0.004, 0.004, 0, 0, 0, 0, 0.003
Node_Desua1_Desua3_0, 0.001, 0, 0, 0, 0.001, 0, 0.001, 0.001, 0
Node_Desua1_Desua43_0, 0.001, 0, 0.001, 0.001, 0.001, 0, 0.001, 0, 0.002
Node_Desua22_Desua10_0, 0.001, 0, 0, 0, 0.001, 0, 0.001, 0, 0.001
Node_Desua22_Desua14_0, 0.001, 0, 0.001, 0.002, 0.001, 0, 0.001, 0, 0.001
Node_Desua22_Desua23_0, 0, 0, 0.001, 0, 0, 0, 0, 0, 0
Node_Desua28_Desua35_0, 0.001, 0, 0.002, 0.002, 0.001, 0, 0.001, 0, 0.003
Node_Desua2_Desua8_0, 0.001, 0, 0.001, 0.002, 0.001, 0, 0.001, 0, 0.002
Node_Desua36_Desua38_0, 0, 0, 0.002, 0.002, 0, 0, 0, 0, 0.002
Node_Desua36_Desua39_0, 0, 0, 0.004, 0.005, 0, 0, 0, 0, 0.004
Node_Desua40_Desua31_0, 0, 0, 0.002, 0.002, 0, 0, 0, 0, 0.002
Node_Desua42_Desua11_0, 0.001, 0, 0, 0, 0.001, 0, 0.001, 0, 0.001
Node_Desua43_Desua50_0, 0.001, 0, 0.001, 0.003, 0.001, 0, 0.001, 0, 0.002
Node_Desua43_Desua52_0, 0, 0, 0.004, 0.005, 0, 0, 0, 0, 0.003
Node_Desua43_Desua54_0, 0, 0, 0.005, 0.007, 0, 0, 0, 0, 0.004
Node_Desua44_Desua36_0, 0, 0, 0.004, 0.006, 0, 0, 0, 0, 0.004
Node_Desua46_Desua25_0, 0, 0, 0.002, 0.002, 0, 0, 0, 0, 0.002
Node_Desua47_Desua29_0, 0.001, 0, 0.005, 0.005, 0.001, 0, 0.001, 0, 0.005
Node_Desua47_Desua37_0, 0, 0, 0.001, 0.001, 0, 0, 0, 0, 0.001
Node_Desua47_Desua41_0, 0.001, 0, 0.001, 0.001, 0.001, 0, 0.001, 0, 0.002
Node_Desua47_Desua53_0, 0, 0, 0.001, 0.001, 0, 0, 0, 0, 0.001
Node_Desua48_Desua33_0, 0, 0, 0.002, 0.003, 0, 0, 0, 0, 0.002
Node_Desua48_Desua46_0, 0, 0, 0.002, 0.002, 0, 0, 0, 0, 0.002
Node_Desua49_Desua21_0, 0.001, 0, 0.002, 0.002, 0.001, 0, 0.001, 0, 0.003
Node_Desua49_Desua32_0, 0, 0, 0.001, 0.001, 0, 0, 0, 0, 0.001
Node_Desua4_Desua49_0, 0, 0, 0.001, 0.001, 0, 0, 0, 0, 0.001
Node_Desua53_Desua51_0, 0, 0, 0.001, 0.001, 0, 0, 0, 0, 0.001
Node_Desua6_Desua19_0, 0.001, 0, 0.002, 0.003, 0.001, 0, 0.001, 0, 0.003
Node_Desua6_Desua7_0, 0.001, 0, 0, 0.001, 0.001, 0, 0.001, 0.001, 0
Node_Desua9_Desua17_0, 0.002, 0, 0.002, 0.005, 0.002, 0, 0.002, 0, 0.004
Node_Desua9_Desua18_0, 0, 0, 0.006, 0.006, 0, 0, 0, 0, 0.006
Node_Dorm2_Dorm1_0, 0.001, 0, 0.003, 0.002, 0.001, 0, 0.001, 0, 0.003
Node_Dorm2_Dorm3_0, 0, 0, 0.002, 0.002, 0, 0, 0, 0, 0.001
Node_Dorm2_Dorm4_0, 0.002, 0, 0.002, 0.002, 0.002, 0, 0.002, 0, 0.004
Node_Dorm2_Dorm5_0, 0.001, 0, 0.003, 0.005, 0.001, 0, 0.001, 0, 0.002
Node_Eise2_Eise1_0, 0, 0, 0.004, 0.005, 0, 0, 0, 0, 0.003
Node_Eise4_Eise2_0, 0.001, 0, 0.002, 0.005, 0.001, 0, 0.001, 0, 0.003
Node_Eise4_Eise3_0, 0.002, 0, 0, 0, 0.002, 0, 0.002, 0.001, 0.001
Node_Elus2_Elus3_0, 0, 0, 0.001, 0.001, 0, 0, 0, 0, 0.001
Node_Elus2_Elus5_0, 0, 0, 0.001, 0.001, 0, 0, 0, 0, 0.001
Node_Elus3_Elus4_0, 0.001, 0, 0, 0, 0.001, 0, 0.001, 0, 0.001
Node_Elus3_Elus6_0, 0.002, 0, 0.001, 0.001, 0.002, 0, 0.002, 0.001, 0.002
Node_Elus3_Elus9_0, 0.001, 0, 0.001, 0.001, 0.001, 0, 0.001, 0, 0.001
Node_Elus6_Elus8_0, 0.003, 0, 0.002, 0.003, 0.003, 0, 0.003, 0.001, 0.003
Node_Elus9_Elus10_0, 0, 0, 0.001, 0.001, 0, 0, 0, 0, 0
Node_Erem4_Erem5_0, 0.002, 0, 0, 0, 0.002, 0, 0.002, 0, 0.002
Node_Erem6_Erem3_0, 0, 0, 0.001, 0.001, 0, 0, 0, 0, 0.001
Node_Erem6_Erem4_0, 0, 0, 0.001, 0.001, 0, 0, 0, 0, 0.001
Node_FCPU1_FCPU2_0, 0, 0, 0.006, 0.006, 0, 0.002, 0, 0, 0.004
Node_Ferm1_GemmA1_0, 0, 0, 0.001, 0.002, 0, 0, 0, 0, 0.001
Node_Fibr4_Fibr2_0, 0, 0, 0.004, 0.003, 0, 0, 0, 0, 0.003
Node_Fibr4_Fibr6_0, 0.001, 0, 0, 0, 0.001, 0, 0.001, 0, 0.001
Node_Fibr5_Fibr1_0, 0, 0, 0.001, 0.002, 0, 0, 0, 0, 0.001
Node_FirmA102_FirmA76_0, 0.002, 0, 0.004, 0.003, 0.002, 0, 0.002, 0, 0.005
Node_FirmA104_FirmA78_0, 0, 0, 0.001, 0, 0, 0, 0, 0, 0
Node_FirmA106_FirmA114_0, 0.001, 0, 0.001, 0.001, 0.001, 0, 0.001, 0, 0.001
Node_FirmA109_FirmA77_0, 0, 0, 0.004, 0.004, 0, 0, 0, 0, 0.004
Node_FirmA109_FirmA95_0, 0.001, 0, 0, 0, 0.001, 0, 0.001, 0, 0.001
Node_FirmA114_FirmA98_0, 0.001, 0, 0.002, 0.003, 0.001, 0, 0.001, 0, 0.002
Node_FirmA12_FirmA93_0, 0, 0, 0.002, 0.003, 0, 0, 0, 0, 0
Node_FirmA14_FirmA113_0, 0.001, 0, 0.002, 0.002, 0.001, 0, 0.001, 0, 0.003
Node_FirmA18_FirmA103_0, 0, 0, 0.001, 0.003, 0, 0, 0, 0, 0.001
Node_FirmA20_FirmA100_0, 0, 0, 0.002, 0.002, 0, 0, 0, 0, 0.002
Node_FirmA20_FirmA24_0, 0, 0, 0.001, 0.001, 0, 0, 0, 0, 0.001
Node_FirmA20_FirmA25_0, 0, 0, 0.003, 0.003, 0, 0, 0, 0, 0.002
Node_FirmA20_FirmA38_0, 0.001, 0, 0, 0, 0.001, 0, 0.001, 0, 0.001
Node_FirmA20_FirmA52_0, 0, 0, 0.001, 0.001, 0, 0, 0, 0, 0.001
Node_FirmA21_FirmA108_0, 0.001, 0, 0.003, 0.002, 0.001, 0, 0.001, 0, 0.003
Node_FirmA21_FirmA47_0, 0, 0, 0.001, 0, 0, 0, 0, 0, 0
Node_FirmA21_FirmA88_0, 0.001, 0, 0, 0, 0.001, 0, 0.001, 0, 0.001
Node_FirmA24_FirmA8_0, 0, 0, 0.001, 0.002, 0, 0, 0, 0, 0.001
Node_FirmA25_FirmA56_0, 0, 0, 0.002, 0.003, 0, 0, 0, 0, 0.002
Node_FirmA26_FirmA102_0, 0.001, 0, 0.003, 0.003, 0.001, 0, 0.001, 0, 0.003
Node_FirmA26_FirmA2_0, 0.001, 0, 0.001, 0.001, 0.001, 0, 0.001, 0, 0.002
Node_FirmA26_FirmA41_0, 0.001, 0, 0.004, 0.004, 0.001, 0, 0.001, 0, 0.005
Node_FirmA26_FirmA7_0, 0, 0, 0.001, 0.001, 0, 0, 0, 0, 0
Node_FirmA29_FirmA51_0, 0.001, 0, 0.005, 0.01, 0.001, 0, 0.001, 0, 0.005
Node_FirmA38_FirmA32_0, 0.001, 0, 0, 0, 0.001, 0, 0.001, 0.001, 0
Node_FirmA43_FirmA39_0, 0, 0, 0.004, 0.004, 0, 0, 0, 0, 0.003
Node_FirmA45_FirmA40_0, 0.001, 0, 0.002, 0.001, 0.001, 0, 0.001, 0.001, 0.001
Node_FirmA50_FirmA70_0, 0, 0, 0.001, 0.002, 0, 0, 0, 0, 0.001
Node_FirmA53_FirmA35_0, 0.001, 0, 0.003, 0.003, 0.001, 0, 0.001, 0.001, 0.003
Node_FirmA55_FirmA29_0, 0.001, 0, 0, 0, 0.001, 0, 0.001, 0, 0.001
Node_FirmA58_FirmA43_0, 0.001, 0, 0, 0, 0.001, 0, 0.001, 0, 0.001
Node_FirmA59_FirmA44_0, 0, 0, 0.002, 0.002, 0, 0, 0, 0, 0.002
Node_FirmA59_FirmA48_0, 0.001, 0, 0, 0, 0.001, 0, 0.001, 0, 0.001
Node_FirmA60_FirmA74_0, 0.001, 0, 0.003, 0.005, 0.001, 0, 0.001, 0, 0.004
Node_FirmA61_FirmA66_0, 0.001, 0, 0.001, 0.002, 0.001, 0, 0.001, 0, 0.002
Node_FirmA62_FirmA104_0, 0.001, 0, 0, 0, 0.001, 0, 0.001, 0, 0.001
Node_FirmA62_FirmA58_0, 0, 0, 0.002, 0.003, 0, 0, 0, 0, 0.001
Node_FirmA62_FirmA6_0, 0.001, 0, 0, 0, 0.001, 0, 0.001, 0, 0.001
Node_FirmA63_FirmA109_0, 0, 0, 0.002, 0.002, 0, 0, 0, 0, 0.002
Node_FirmA63_FirmA10_0, 0.001, 0, 0, 0.001, 0.001, 0, 0.001, 0, 0.001
Node_FirmA63_FirmA30_0, 0, 0, 0.001, 0.001, 0, 0, 0, 0, 0
Node_FirmA63_FirmA45_0, 0.002, 0, 0.002, 0.002, 0.002, 0, 0.002, 0, 0.004
Node_FirmA63_FirmA99_0, 0, 0, 0.001, 0.002, 0, 0, 0, 0, 0.001
Node_FirmA64_FirmA33_0, 0.001, 0, 0.001, 0, 0.001, 0, 0.001, 0, 0.001
Node_FirmA65_FirmA5_0, 0.001, 0, 0.002, 0.003, 0.001, 0, 0.001, 0.001, 0.002
Node_FirmA65_FirmA64_0, 0.001, 0, 0, 0, 0.001, 0, 0.001, 0, 0.001
Node_FirmA65_FirmA97_0, 0.001, 0, 0.002, 0.003, 0.001, 0, 0.001, 0, 0.002
Node_FirmA67_FirmA79_0, 0.001, 0, 0.001, 0.001, 0.001, 0, 0.001, 0, 0.002
Node_FirmA69_FirmA28_0, 0, 0, 0.001, 0.002, 0, 0, 0, 0, 0.001
Node_FirmA69_FirmA72_0, 0.001, 0, 0.001, 0.001, 0.001, 0, 0.001, 0, 0.002
Node_FirmA72_FirmA73_0, 0.001, 0, 0.004, 0.006, 0.001, 0, 0.001, 0.001, 0.004
Node_FirmA7_FirmA12_0, 0.002, 0, 0.002, 0.001, 0.002, 0, 0.002, 0, 0.003
Node_FirmA7_FirmA90_0, 0.001, 0, 0, 0, 0.001, 0, 0.001, 0, 0.001
Node_FirmA80_FirmA34_0, 0.002, 0, 0.001, 0, 0.002, 0, 0.002, 0.001, 0.001
Node_FirmA81_FirmA19_0, 0, 0, 0.001, 0.001, 0, 0, 0, 0, 0.001
Node_FirmA83_FirmA49_0, 0.001, 0, 0.003, 0.003, 0.001, 0, 0.001, 0, 0.003
Node_FirmA83_FirmA55_0, 0, 0, 0.001, 0.001, 0, 0, 0, 0, 0.001
Node_FirmA83_FirmA86_0, 0.001, 0, 0.001, 0.001, 0.001, 0, 0.001, 0, 0.002
Node_FirmA84_FirmA20_0, 0, 0, 0.001, 0.001, 0, 0, 0, 0, 0.001
Node_FirmA84_FirmA46_0, 0, 0, 0.001, 0.001, 0, 0, 0, 0, 0.001
Node_FirmA85_DTU0X1_0, 0.001, 0, 0, 0, 0.001, 0.001, 0.001, 0.001, 0
Node_FirmA85_FirmA60_0, 0, 0, 0.002, 0.001, 0, 0, 0, 0, 0.001
Node_FirmA86_FirmA61_0, 0, 0, 0.002, 0.002, 0, 0, 0, 0, 0.001
Node_FirmA87_FirmA106_0, 0.001, 0, 0, 0, 0.001, 0, 0.001, 0, 0.001
Node_FirmA88_FirmA101_0, 0.001, 0, 0.001, 0.001, 0.001, 0, 0.001, 0, 0.001
Node_FirmA89_FirmA105_0, 0.001, 0, 0, 0, 0.001, 0, 0.001, 0, 0.001
Node_FirmA89_FirmA110_0, 0.001, 0, 0.003, 0.004, 0.001, 0, 0.001, 0, 0.003
Node_FirmA89_FirmA31_0, 0, 0, 0.004, 0.003, 0, 0, 0, 0, 0.003
Node_FirmA89_FirmA53_0, 0.001, 0, 0.002, 0.002, 0.001, 0, 0.001, 0.001, 0.001
Node_FirmA89_FirmA68_0, 0, 0, 0.002, 0.002, 0, 0, 0, 0, 0.002
Node_FirmA89_FirmA80_0, 0.002, 0, 0, 0.001, 0.002, 0, 0.002, 0, 0.002
Node_FirmA90_FirmA112_0, 0, 0, 0.001, 0.001, 0, 0, 0, 0, 0
Node_FirmA94_FirmA75_0, 0.001, 0, 0.001, 0.002, 0.001, 0, 0.001, 0, 0.002
Node_FirmA96_FirmA91_0, 0, 0, 0.001, 0.001, 0, 0, 0, 0, 0.001
Node_FirmA99_FirmA18_0, 0, 0, 0.002, 0.003, 0, 0, 0, 0, 0.002
Node_FirmB16_FirmB13_0, 0, 0, 0.001, 0.001, 0, 0, 0, 0, 0.001
Node_FirmB17_FirmB15_0, 0.001, 0, 0, 0.001, 0.001, 0, 0.001, 0, 0.001
Node_FirmB2_FirmB11_0, 0.002, 0, 0.004, 0.001, 0.002, 0, 0.002, 0, 0.003
Node_FirmB2_FirmB12_0, 0.003, 0, 0.006, 0.006, 0.003, 0, 0.003, 0, 0.009
Node_FirmB3_FirmB14_0, 0, 0, 0.002, 0.002, 0, 0, 0, 0, 0.002
Node_FirmB4_FirmB17_0, 0, 0, 0.001, 0.001, 0, 0, 0, 0, 0.001
Node_FirmB4_FirmB3_0, 0, 0, 0.002, 0.002, 0, 0, 0, 0, 0.002
Node_FirmB8_FirmB16_0, 0, 0, 0.001, 0.001, 0, 0, 0, 0, 0.001
Node_FirmB8_FirmB5_0, 0.001, 0, 0, 0, 0.001, 0, 0.001, 0, 0.001
Node_FirmB9_FirmB10_0, 0.001, 0, 0.002, 0.003, 0.001, 0, 0.001, 0, 0.003
Node_FirmC10_FirmC14_0, 0.001, 0, 0.002, 0.002, 0.001, 0, 0.001, 0, 0.001
Node_FirmC10_FirmC18_0, 0.002, 0, 0.001, 0.001, 0.002, 0, 0.002, 0.001, 0.001
Node_FirmC10_FirmC19_0, 0.002, 0, 0.001, 0.001, 0.002, 0, 0.002, 0, 0.003
Node_FirmC11_FirmC3_0, 0.001, 0, 0, 0, 0.001, 0, 0.001, 0, 0.001
Node_FirmC13_FirmC5_0, 0, 0, 0.001, 0.001, 0, 0.001, 0, 0, 0
Node_FirmC15_FirmC12_0, 0.002, 0, 0, 0, 0.002, 0, 0.002, 0.001, 0.001
Node_FirmC1_FirmC4_0, 0, 0, 0.003, 0.002, 0, 0, 0, 0, 0.001
Node_FirmC6_FirmC16_0, 0.001, 0, 0.003, 0.002, 0.001, 0, 0.001, 0.001, 0.002
Node_FirmC6_FirmC1_0, 0.002, 0, 0.001, 0.003, 0.002, 0, 0.002, 0.001, 0.002
Node_FirmC8_FirmC11_0, 0, 0, 0.004, 0.006, 0, 0, 0, 0, 0.003
Node_FirmC8_FirmC15_0, 0.001, 0, 0.001, 0.002, 0.001, 0, 0.001, 0, 0.002
Node_FirmC8_FirmC6_0, 0.001, 0, 0, 0, 0.001, 0, 0.001, 0, 0.001
Node_FirmC8_FirmC7_0, 0, 0, 0.001, 0.003, 0, 0, 0, 0, 0.001
Node_FirmD2_FirmD3_0, 0.001, 0, 0, 0, 0.001, 0, 0.001, 0, 0.001
Node_FirmE4_FirmE6_0, 0.002, 0, 0.001, 0.001, 0.002, 0, 0.002, 0, 0.003
Node_FirmE5_FirmE3_0, 0, 0, 0.001, 0.001, 0, 0, 0, 0, 0.001
Node_FirmE7_FirmE8_0, 0, 0, 0.001, 0.001, 0, 0, 0, 0, 0.001
Node_FirmF1_FirmG6_0, 0, 0, 0.001, 0.001, 0, 0.001, 0, 0, 0
Node_FirmF2_FirmF3_0, 0, 0, 0.005, 0.006, 0, 0, 0, 0, 0.005
Node_FirmG5_FirmG1_0, 0.001, 0, 0.001, 0.001, 0.001, 0, 0.001, 0.001, 0
Node_FirmG5_FirmG2_0, 0.002, 0, 0, 0.002, 0.002, 0, 0.002, 0.001, 0.001
Node_FirmG6_FirmG4_0, 0, 0, 0.001, 0, 0, 0, 0, 0, 0
Node_FirmG6_FirmG5_0, 0.001, 0, 0, 0, 0.001, 0, 0.001, 0, 0.001
Node_Firms11_Firms17_0, 0.104, 0, 0.001, 0.028, 0.104, 0, 0.104, 0.003, 0.102
Node_Firms1_Firms10_0, 0, 0, 0.002, 0.004, 0, 0, 0, 0, 0.002
Node_Firms22_Firms27_0, 0, 0, 0.001, 0, 0, 0, 0, 0, 0
Node_Firms24_Firms26_0, 0.002, 0, 0.004, 0.003, 0.002, 0, 0.002, 0.001, 0.004
Node_Firms30_Firms31_0, 0.001, 0, 0, 0.002, 0.001, 0, 0.001, 0, 0.001
Node_Firms32_Firms25_0, 0, 0, 0.002, 0.003, 0, 0, 0, 0, 0.001
Node_Firms33_FirmD1_0, 0.001, 0, 0.001, 0.002, 0.001, 0.002, 0.001, 0.001, 0
Node_Firms33_Firms11_0, 0.003, 0, 0, 0.001, 0.003, 0, 0.003, 0.001, 0.002
Node_Firms33_Firms15_0, 0, 0, 0.001, 0.001, 0, 0, 0, 0, 0.001
Node_Firms33_Firms21_0, 0, 0, 0.001, 0.001, 0, 0, 0, 0, 0.001
Node_Firms33_Firms22_0, 0.001, 0, 0, 0, 0.001, 0, 0.001, 0, 0.001
Node_Firms33_Firms23_0, 0, 0, 0.004, 0.003, 0, 0, 0, 0, 0.003
Node_Firms33_Firms28_0, 0.001, 0, 0, 0, 0.001, 0, 0.001, 0, 0.001
Node_Firms33_Firms2_0, 0.002, 0, 0, 0.001, 0.002, 0, 0.002, 0.001, 0.001
Node_Firms33_Firms30_0, 0, 0, 0.001, 0.001, 0, 0, 0, 0, 0.001
Node_Firms33_Firms32_0, 0.001, 0, 0.003, 0.001, 0.001, 0, 0.001, 0, 0.002
Node_Firms33_Firms6_0, 0, 0, 0.001, 0, 0, 0, 0, 0, 0
Node_Firms33_Firms7_0, 0, 0, 0.003, 0.001, 0, 0, 0, 0, 0
Node_Firms33_Firms8_0, 0.001, 0, 0.001, 0, 0.001, 0, 0.001, 0, 0.001
Node_Firms33_Firms9_0, 0, 0, 0.001, 0.001, 0, 0, 0, 0, 0.001
Node_Firms8_Firms24_0, 0.002, 0, 0.026, 0.008, 0.002, 0, 0.002, 0.001, 0.002
Node_Firms8_Firms4_0, 0.026, 0, 0, 0.01, 0.026, 0, 0.026, 0.001, 0.025
Node_Gemm2_Gemm4_0, 0, 0, 0.007, 0.008, 0, 0, 0, 0, 0.007
Node_Gemm3_Gemm6_0, 0.002, 0, 0, 0, 0.002, 0, 0.002, 0.001, 0.001
Node_Gemm5_Gemm9_0, 0, 0, 0.001, 0.001, 0, 0, 0, 0, 0.001
Node_Gemm9_Gemm2_0, 0, 0, 0.003, 0.003, 0, 0, 0, 0, 0.003
Node_Gemm9_Gemm3_0, 0.001, 0, 0, 0, 0.001, 0, 0.001, 0.001, 0
Node_Gemm9_Gemm7_0, 0.001, 0, 0.001, 0.001, 0.001, 0, 0.001, 0, 0.002
Node_Gold1_Gold2_0, 0, 0, 0.005, 0.005, 0, 0, 0, 0, 0.005
Node_Hydr2_Hydr1_0, 0.001, 0, 0.002, 0.004, 0.001, 0, 0.001, 0, 0.003
Node_KSB1X2_KSB1X4_0, 0.001, 0, 0.001, 0.001, 0.001, 0, 0.001, 0, 0.002
Node_KSB1X3_KSB1X1_0, 0.001, 0, 0.002, 0.002, 0.001, 0, 0.001, 0, 0.003
Node_Late2_Late1_0, 0, 0, 0.001, 0.001, 0, 0.001, 0, 0, 0
Node_Lind1_Lind2_0, 0.001, 0, 0, 0, 0.001, 0, 0.001, 0, 0.001
Node_Marg1_Marg6_0, 0, 0, 0.001, 0.001, 0, 0, 0, 0, 0.001
Node_Mari3_Mari2_0, 0.001, 0, 0, 0, 0.001, 0, 0.001, 0, 0.001
Node_Mari6_Mari1_0, 0, 0, 0.002, 0.002, 0, 0, 0, 0, 0.002
Node_Meth2_Meth1_0, 0.001, 0, 0.002, 0.003, 0.001, 0, 0.001, 0.001, 0.002
Node_Meth4_Meth3_0, 0, 0, 0.002, 0.003, 0, 0, 0, 0, 0.001
Node_Meth5_Meth2_0, 0.001, 0, 0, 0.001, 0.001, 0, 0.001, 0, 0.001
Node_Meth5_Meth4_0, 0.001, 0, 0.004, 0.005, 0.001, 0, 0.001, 0, 0.004
Node_MyxA1_MyxA2_0, 0.002, 0, 0, 0.001, 0.002, 0, 0.002, 0, 0.002
Node_MyxA2_MyxA3_0, 0.001, 0, 0.002, 0.006, 0.001, 0, 0.001, 0.001, 0.001
Node_Myxo10_Bdell6_0, 0.001, 0, 0, 0, 0.001, 0.001, 0.001, 0.001, 0
Node_Myxo10_MyxA1_0, 0, 0, 0.001, 0, 0, 0, 0, 0, 0
Node_Myxo10_Myxo14_0, 0.001, 0, 0, 0.001, 0.001, 0, 0.001, 0, 0.001
Node_Myxo10_Myxo15_0, 0.06, 0, 0.003, 0.027, 0.06, 0, 0.06, 0.017, 0.045
Node_Myxo10_Myxo17_0, 0.018, 0, 0, 0.006, 0.018, 0, 0.018, 0.001, 0.017
Node_Myxo11_Myxo13_0, 0.001, 0, 0.004, 0.004, 0.001, 0, 0.001, 0.001, 0.004
Node_Myxo11_Myxo8_0, 0.001, 0, 0.001, 0.001, 0.001, 0, 0.001, 0, 0.002
Node_Myxo14_Myxo3_0, 0, 0, 0.002, 0.003, 0, 0, 0, 0, 0.001
Node_Myxo14_Myxo6_0, 0, 0, 0.003, 0.004, 0, 0, 0, 0, 0.003
Node_Myxo15_Myxo18_0, 0.269, 0, 0.002, 0.058, 0.269, 0, 0.269, 0.059, 0.211
Node_Myxo17_Myxo19_0, 0.001, 0, 0.02, 0.005, 0.001, 0, 0.001, 0.001, 0.003
Node_Myxo2_Myxo1_0, 0.001, 0, 0, 0, 0.001, 0, 0.001, 0, 0.001
Node_Myxo8_Myxo7_0, 0, 0, 0.001, 0, 0, 0, 0, 0, 0
Node_Nitr10_Nitr3_0, 0, 0, 0.001, 0.001, 0, 0, 0, 0, 0.001
Node_Nitr10_Nitr4_0, 0, 0, 0.002, 0.002, 0, 0, 0, 0, 0.002
Node_Nitr10_Nitr6_0, 0, 0, 0.004, 0.004, 0, 0, 0, 0, 0.004
Node_Nitr14_Nitr12_0, 0, 0, 0.002, 0.001, 0, 0, 0, 0, 0.001
Node_Nitr14_Nitr16_0, 0.001, 0, 0, 0, 0.001, 0, 0.001, 0, 0.001
Node_Nitr15_Nitr8_0, 0, 0, 0.001, 0.001, 0, 0, 0, 0, 0.001
Node_Nitr16_Nitr11_0, 0.001, 0, 0.003, 0.005, 0.001, 0, 0.001, 0, 0.003
Node_Nitr16_Nitr17_0, 0.001, 0, 0.002, 0.003, 0.001, 0, 0.001, 0, 0.002
Node_Nitr17_Nitr5_0, 0.001, 0, 0.002, 0.002, 0.001, 0, 0.001, 0, 0.002
Node_Nits1_Nits3_0, 0.002, 0, 0.002, 0.002, 0.002, 0, 0.002, 0, 0.004
Node_Nits4_Nits2_0, 0, 0, 0.001, 0.003, 0, 0, 0, 0, 0.001
Node_NitsA1_NitsA2_0, 0.001, 0, 0.004, 0.007, 0.001, 0, 0.001, 0, 0.005
Node_NitsA3_Nits4_0, 0, 0, 0.001, 0.001, 0, 0, 0, 0, 0.001
Node_Omni4_Omni2_0, 0.002, 0, 0.001, 0.003, 0.002, 0, 0.002, 0, 0.003
Node_Omni8_Omni6_0, 0.002, 0, 0.002, 0.003, 0.002, 0.001, 0.002, 0, 0.003
Node_Pate13_Pate6_0, 0, 0, 0.001, 0.001, 0, 0, 0, 0, 0.001
Node_Pate14_Pate35_0, 0, 0, 0.001, 0.001, 0, 0, 0, 0, 0.001
Node_Pate14_Pate5_0, 0, 0, 0.001, 0.001, 0, 0, 0, 0, 0.001
Node_Pate15_Pate29_0, 0.001, 0, 0.001, 0.001, 0.001, 0, 0.001, 0, 0.002
Node_Pate18_Pate38_0, 0, 0, 0.001, 0.003, 0, 0, 0, 0, 0.001
Node_Pate19_Pate37_0, 0, 0, 0.001, 0.001, 0, 0, 0, 0, 0.001
Node_Pate24_Pate39_0, 0, 0, 0.002, 0.004, 0, 0, 0, 0, 0.002
Node_Pate25_Pate17_0, 0, 0, 0.001, 0.001, 0, 0.001, 0, 0, 0
Node_Pate25_Pate32_0, 0, 0, 0.001, 0, 0, 0, 0, 0, 0
Node_Pate26_Pate12_0, 0.001, 0, 0, 0, 0.001, 0, 0.001, 0, 0.001
Node_Pate40_Pate55_0, 0, 0, 0.001, 0.001, 0, 0, 0, 0, 0.001
Node_Pate43_Pate22_0, 0, 0, 0.001, 0, 0, 0, 0, 0, 0
Node_Pate43_Pate45_0, 0.001, 0, 0, 0, 0.001, 0, 0.001, 0.001, 0
Node_Pate43_Pate57_0, 0.001, 0, 0, 0, 0.001, 0, 0.001, 0, 0.001
Node_Pate44_Pate52_0, 0, 0, 0.001, 0.001, 0, 0, 0, 0, 0.001
Node_Pate45_Pate11_0, 0, 0, 0.001, 0.002, 0, 0, 0, 0, 0.001
Node_Pate45_Pate21_0, 0, 0, 0.001, 0.001, 0, 0, 0, 0, 0
Node_Pate46_Pate25_0, 0.001, 0, 0, 0, 0.001, 0, 0.001, 0.001, 0
Node_Pate48_Pate40_0, 0, 0, 0.001, 0, 0, 0, 0, 0, 0
Node_Pate48_Pate43_0, 0.001, 0, 0, 0, 0.001, 0, 0.001, 0.001, 0
Node_Pate48_Pate46_0, 0.001, 0, 0, 0, 0.001, 0.001, 0.001, 0.001, 0
Node_Pate49_Pate41_0, 0.001, 0, 0.002, 0.002, 0.001, 0, 0.001, 0, 0.003
Node_Pate51_Pate27_0, 0.004, 0, 0.001, 0.002, 0.004, 0, 0.004, 0.001, 0.004
Node_Pate51_Pate33_0, 0.002, 0, 0, 0, 0.002, 0, 0.002, 0, 0.002
Node_Pate51_Pate53_0, 0.001, 0, 0.003, 0.001, 0.001, 0, 0.001, 0, 0.002
Node_Pate54_Pate31_0, 0.002, 0, 0.001, 0.001, 0.002, 0, 0.002, 0, 0.003
Node_Pate9_Pate36_0, 0, 0, 0.001, 0.001, 0, 0, 0, 0, 0.001
Node_Plan17_Plan23_0, 0, 0, 0.003, 0.003, 0, 0, 0, 0, 0.003
Node_Plan22_Plan2_0, 0.002, 0, 0.004, 0.004, 0.002, 0, 0.002, 0, 0.006
Node_Plan22_Plan4_0, 0, 0, 0.001, 0.001, 0, 0, 0, 0, 0.001
Node_Plan26_Plan21_0, 0.001, 0, 0, 0, 0.001, 0, 0.001, 0, 0.001
Node_Plan26_Plan5_0, 0, 0, 0.001, 0.001, 0, 0, 0, 0, 0
Node_Plan30_Plan14_0, 0, 0, 0.002, 0.002, 0, 0, 0, 0, 0.001
Node_Plan31_Plan17_0, 0, 0, 0.001, 0.001, 0, 0, 0, 0, 0.001
Node_Plan32_Plan12_0, 0, 0, 0.004, 0.006, 0, 0, 0, 0, 0.003
Node_Plan32_Plan30_0, 0.001, 0, 0, 0, 0.001, 0, 0.001, 0, 0.001
Node_Plan32_Plan3_0, 0.001, 0, 0.003, 0.004, 0.001, 0, 0.001, 0, 0.003
Node_Plan33_Plan44_0, 0, 0, 0.001, 0.001, 0, 0, 0, 0, 0.001
Node_Plan42_Plan40_0, 0, 0, 0.006, 0.005, 0, 0, 0, 0, 0.005
Node_Plan43_Plan16_0, 0.001, 0, 0, 0, 0.001, 0, 0.001, 0, 0.001
Node_Plan43_Plan42_0, 0.001, 0, 0.002, 0.001, 0.001, 0, 0.001, 0, 0.002
Node_ProtA12_ProtA44_0, 0, 0, 0.001, 0.001, 0, 0, 0, 0, 0.001
Node_ProtA12_ProtA54_0, 0, 0, 0.001, 0.001, 0, 0, 0, 0, 0.001
Node_ProtA13_ProtA24_0, 0.001, 0, 0.002, 0.003, 0.001, 0, 0.001, 0, 0.002
Node_ProtA13_ProtA61_0, 0, 0, 0.002, 0.004, 0, 0, 0, 0, 0.001
Node_ProtA13_ProtA77_0, 0, 0, 0.001, 0.001, 0, 0, 0, 0, 0
Node_ProtA13_ProtA7_0, 0.001, 0, 0, 0, 0.001, 0, 0.001, 0, 0.001
Node_ProtA15_ProtA42_0, 0.001, 0, 0, 0, 0.001, 0, 0.001, 0, 0.001
Node_ProtA15_ProtA70_0, 0, 0, 0.002, 0.003, 0, 0, 0, 0, 0.001
Node_ProtA16_ProtA33_0, 0, 0, 0.002, 0.003, 0, 0, 0, 0, 0.002
Node_ProtA18_ProtA10_0, 0, 0, 0.001, 0.001, 0, 0, 0, 0, 0.001
Node_ProtA18_ProtA19_0, 0.001, 0, 0.001, 0, 0.001, 0, 0.001, 0, 0.001
Node_ProtA18_ProtA29_0, 0, 0, 0.01, 0.003, 0, 0, 0, 0, 0.001
Node_ProtA18_ProtA53_0, 0.009, 0, 0, 0.003, 0.009, 0, 0.009, 0.001, 0.008
Node_ProtA19_ProtA14_0, 0, 0, 0.001, 0.001, 0, 0, 0, 0, 0.001
Node_ProtA19_ProtA20_0, 0, 0, 0.001, 0, 0, 0, 0, 0, 0
Node_ProtA19_ProtA3_0, 0.002, 0, 0.001, 0.001, 0.002, 0, 0.002, 0, 0.003
Node_ProtA19_ProtA68_0, 0, 0, 0.002, 0.001, 0, 0, 0, 0, 0
Node_ProtA19_ProtA74_0, 0, 0, 0.006, 0.008, 0, 0, 0, 0, 0.006
Node_ProtA20_ProtA11_0, 0, 0, 0.001, 0.001, 0, 0, 0, 0, 0.001
Node_ProtA20_ProtA5_0, 0.002, 0, 0.001, 0.001, 0.002, 0, 0.002, 0, 0.003
Node_ProtA26_ProtA37_0, 0, 0, 0.002, 0.002, 0, 0, 0, 0, 0.001
Node_ProtA26_ProtA45_0, 0.001, 0, 0.001, 0.001, 0.001, 0, 0.001, 0, 0.001
Node_ProtA27_ProtA21_0, 0.001, 0, 0, 0, 0.001, 0, 0.001, 0, 0.001
Node_ProtA30_ProtA35_0, 0, 0, 0.003, 0.002, 0, 0, 0, 0, 0.002
Node_ProtA34_Chry1_0, 0, 0, 0.001, 0, 0, 0, 0, 0, 0
Node_ProtA34_J088X1_0, 0.001, 0, 0, 0, 0.001, 0.001, 0.001, 0.001, 0
Node_ProtA34_ProtA13_0, 0.001, 0, 0.001, 0.003, 0.001, 0, 0.001, 0, 0.002
Node_ProtA34_ProtA16_0, 0, 0, 0.002, 0.002, 0, 0, 0, 0, 0.002
Node_ProtA34_ProtA18_0, 0.001, 0, 0, 0, 0.001, 0, 0.001, 0.001, 0
Node_ProtA34_ProtA26_0, 0.001, 0, 0.003, 0, 0.001, 0, 0.001, 0.001, 0
Node_ProtA34_ProtA38_0, 0, 0, 0.001, 0.001, 0, 0, 0, 0, 0
Node_ProtA34_ProtA39_0, 0.001, 0, 0.001, 0, 0.001, 0, 0.001, 0, 0.001
Node_ProtA34_ProtA40_0, 0, 0, 0.001, 0, 0, 0, 0, 0, 0
Node_ProtA34_ProtA43_0, 0, 0, 0.004, 0.006, 0, 0, 0, 0, 0.004
Node_ProtA34_ProtA9_0, 0.004, 0, 0, 0, 0.004, 0, 0.004, 0.003, 0.001
Node_ProtA34_ProtG30_0, 0.005, 0, 0, 0, 0.005, 0.004, 0.005, 0.005, 0
Node_ProtA34_ProtM1_0, 0.003, 0, 0.002, 0.001, 0.003, 0, 0.003, 0.003, 0
Node_ProtA34_SAR3X2_0, 0.001, 0, 0, 0, 0.001, 0.001, 0.001, 0.001, 0
Node_ProtA34_SM23X1_0, 0.001, 0, 0.001, 0.004, 0.001, 0.001, 0.001, 0.001, 0
Node_ProtA34_Spir10_0, 0.001, 0, 0, 0, 0.001, 0, 0.001, 0.001, 0
Node_ProtA34_UBA2X1_0, 0, 0, 0.001, 0.001, 0, 0, 0, 0, 0
Node_ProtA34_Wall1_0, 0.001, 0, 0, 0, 0.001, 0.001, 0.001, 0.001, 0
Node_ProtA34_mitoFungi_0, 0.003, 0, 0, 0, 0.003, 0, 0.003, 0.003, 0
Node_ProtA38_ProtA15_0, 0.001, 0, 0, 0.001, 0.001, 0, 0.001, 0, 0.001
Node_ProtA38_ProtA41_0, 0.001, 0, 0.002, 0.002, 0.001, 0, 0.001, 0, 0.003
Node_ProtA38_ProtA64_0, 0, 0, 0.002, 0.001, 0, 0, 0, 0, 0.001
Node_ProtA39_ProtA12_0, 0, 0, 0.003, 0.005, 0, 0, 0, 0, 0.002
Node_ProtA39_ProtA27_0, 0, 0, 0.001, 0, 0, 0, 0, 0, 0
Node_ProtA39_ProtA30_0, 0.001, 0, 0.001, 0.001, 0.001, 0, 0.001, 0, 0.002
Node_ProtA39_ProtA36_0, 0, 0, 0.001, 0.001, 0, 0, 0, 0, 0.001
Node_ProtA3_ProtA76_0, 0, 0, 0.003, 0.003, 0, 0, 0, 0, 0.001
Node_ProtA40_ProtA67_0, 0, 0, 0.002, 0.002, 0, 0, 0, 0, 0.002
Node_ProtA46_ProtA55_0, 0.001, 0, 0.001, 0.002, 0.001, 0, 0.001, 0, 0.002
Node_ProtA47_ProtA63_0, 0.16, 0, 0.002, 0.006, 0.16, 0, 0.16, 0.018, 0.143
Node_ProtA53_ProtA58_0, 0.068, 0, 0, 0.017, 0.068, 0, 0.068, 0.009, 0.059
Node_ProtA68_ProtA2_0, 0.001, 0, 0.002, 0.002, 0.001, 0, 0.001, 0, 0.003
Node_ProtA69_ProtA50_0, 0, 0, 0.002, 0.003, 0, 0, 0, 0, 0.002
Node_ProtA76_ProtA47_0, 0.019, 0, 0, 0, 0.019, 0, 0.019, 0.005, 0.014
Node_ProtA76_ProtA48_0, 0.005, 0, 0, 0, 0.005, 0, 0.005, 0, 0.005
Node_ProtA76_ProtA62_0, 0, 0, 0.022, 0.003, 0, 0, 0, 0, 0.003
Node_ProtA76_ProtA71_0, 0, 0, 0.001, 0.001, 0, 0, 0, 0, 0.001
Node_ProtA77_ProtA31_0, 0.001, 0, 0, 0.001, 0.001, 0, 0.001, 0, 0.001
Node_ProtA77_ProtA51_0, 0, 0, 0.002, 0.003, 0, 0, 0, 0, 0.001
Node_ProtA9_ProtA60_0, 0.05, 0, 0, 0.021, 0.05, 0, 0.05, 0.004, 0.046
Node_ProtG12_ProtG5_0, 0.386, 0, 0.003, 0.012, 0.386, 0, 0.386, 0.231, 0.156
Node_ProtG16_ProtG17_0, 0.016, 0, 0.07, 0.036, 0.016, 0, 0.016, 0.016, 0.003
Node_ProtG18_ProtG10_0, 0.426, 0, 0.041, 0.032, 0.375, 0, 0.426, 0.248, 0.179
Node_ProtG18_ProtG12_0, 0.233, 0, 0.22, 0.008, 0.233, 0, 0.233, 0.208, 0.027
Node_ProtG18_ProtG14_0, 0.288, 0, 0.322, 0.1, 0.28, 0, 0.288, 0.25, 0.04
Node_ProtG18_ProtG21_0, 0.003, 0, 0.232, 0.003, 0.003, 0, 0.003, 0.002, 0.002
Node_ProtG24_ProtG18_0, 0.57, 0, 0.016, 0.122, 0.563, 0, 0.57, 0.382, 0.189
Node_ProtG25_ProtG9_0, 0.003, 0, 0.025, 0.015, 0.003, 0, 0.003, 0.002, 0.001
Node_ProtG29_ProtG76_0, 0.002, 0, 0.014, 0.011, 0.002, 0, 0.002, 0.001, 0.001
Node_ProtG30_ProtG19_0, 0.001, 0, 0.005, 0.002, 0.001, 0, 0.001, 0.001, 0.002
Node_ProtG30_ProtG31_0, 0.946, 0, 0.055, 0.031, 0.945, 0, 0.946, 0.943, 0.003
Node_ProtG30_ProtG34_0, 0.43, 0, 0.516, 0.104, 0.43, 0, 0.43, 0.43, 0
Node_ProtG30_ProtG35_0, 0.417, 0, 0.018, 0.08, 0.417, 0, 0.417, 0.413, 0.005
Node_ProtG30_ProtG39_0, 0.004, 0, 0.009, 0.004, 0.004, 0, 0.004, 0.002, 0.002
Node_ProtG30_ProtG42_0, 0.99, 0, 0.003, 0.049, 0.99, 0.001, 0.99, 0.99, 0
Node_ProtG30_ProtG49_0, 0.084, 0, 0.332, 0.124, 0.084, 0, 0.084, 0.083, 0.002
Node_ProtG30_ProtG50_0, 0.998, 0, 0, 0.049, 0.997, 0.005, 0.998, 0.995, 0.003
Node_ProtG30_ProtG64_0, 0.011, 0, 0.024, 0.013, 0.011, 0, 0.011, 0.01, 0.001
Node_ProtG30_ProtG71_0, 0.199, 0, 0, 0.014, 0.199, 0.142, 0.199, 0.196, 0.003
Node_ProtG30_ProtG80_0, 0.949, 0, 0, 0.082, 0.949, 0.723, 0.949, 0.922, 0.027
Node_ProtG30_ProtG84_0, 0.414, 0, 0.012, 0.064, 0.414, 0, 0.414, 0.405, 0.009
Node_ProtG30_ProtG85_0, 0.992, 0, 0, 0.092, 0.992, 0.042, 0.992, 0.991, 0.001
Node_ProtG30_ProtG87_0, 0.034, 0, 0.052, 0.037, 0.034, 0, 0.034, 0.034, 0.002
Node_ProtG30_ProtZ3_0, 0.054, 0, 0, 0.011, 0.054, 0.041, 0.054, 0.051, 0.003
Node_ProtG30_ProtZ5_0, 0.01, 0, 0.001, 0.005, 0.01, 0.006, 0.01, 0.01, 0
Node_ProtG31_ProtG16_0, 0.083, 0, 0.276, 0.094, 0.083, 0, 0.083, 0.077, 0.006
Node_ProtG31_ProtG32_0, 0.931, 0, 0.018, 0.045, 0.929, 0, 0.931, 0.928, 0.003
Node_ProtG31_ProtG36_0, 0.634, 0, 0.028, 0.121, 0.633, 0, 0.634, 0.632, 0.002
Node_ProtG31_ProtG44_0, 0.058, 0, 0.037, 0.044, 0.058, 0, 0.058, 0.047, 0.012
Node_ProtG31_ProtG45_0, 0.66, 0, 0.272, 0.139, 0.659, 0, 0.66, 0.659, 0.001
Node_ProtG31_ProtG47_0, 0.353, 0, 0.042, 0.084, 0.352, 0, 0.353, 0.337, 0.016
Node_ProtG31_ProtG61_0, 0.379, 0, 0.258, 0.117, 0.378, 0, 0.379, 0.376, 0.003
Node_ProtG32_ProtG26_0, 0.002, 0, 0.018, 0.016, 0.002, 0, 0.002, 0.002, 0.001
Node_ProtG32_ProtG33_0, 0.903, 0, 0.034, 0.046, 0.901, 0, 0.903, 0.897, 0.006
Node_ProtG32_ProtG37_0, 0.076, 0, 0.828, 0.134, 0.076, 0, 0.076, 0.075, 0.001
Node_ProtG32_ProtG43_0, 0.019, 0, 0.057, 0.045, 0.019, 0, 0.019, 0.019, 0
Node_ProtG33_ProtG48_0, 0.259, 0, 0.675, 0.232, 0.258, 0, 0.259, 0.259, 0
Node_ProtG33_ProtG67_0, 0.934, 0, 0.001, 0.036, 0.915, 0.001, 0.934, 0.903, 0.031
Node_ProtG33_ProtG7_0, 0.21, 0, 0.068, 0.251, 0.209, 0, 0.21, 0.195, 0.019
Node_ProtG35_ProtG81_0, 0.047, 0, 0.372, 0.094, 0.046, 0, 0.047, 0.046, 0.002
Node_ProtG36_ProtG20_0, 0.009, 0, 0.045, 0.021, 0.009, 0, 0.009, 0.007, 0.002
Node_ProtG36_ProtG24_0, 0.397, 0, 0.024, 0.088, 0.394, 0, 0.397, 0.354, 0.044
Node_ProtG36_ProtG38_0, 0.377, 0, 0.263, 0.156, 0.376, 0, 0.377, 0.371, 0.006
Node_ProtG36_ProtG65_0, 0.052, 0, 0.347, 0.102, 0.052, 0, 0.052, 0.051, 0.002
Node_ProtG37_ProtG41_0, 0.002, 0, 0.007, 0.003, 0.002, 0, 0.002, 0.001, 0.001
Node_ProtG37_ProtG51_0, 0, 0, 0.004, 0.004, 0, 0, 0, 0, 0.002
Node_ProtG37_ProtG53_0, 0.026, 0, 0.053, 0.042, 0.026, 0, 0.026, 0.025, 0.003
Node_ProtG37_ProtG8_0, 0.008, 0, 0.019, 0.016, 0.008, 0, 0.008, 0.007, 0.001
Node_ProtG38_ProtG28_0, 0.048, 0, 0.329, 0.101, 0.048, 0, 0.048, 0.048, 0
Node_ProtG38_ProtG46_0, 0.006, 0, 0.045, 0.033, 0.006, 0, 0.006, 0.006, 0.003
Node_ProtG39_ProtG15_0, 0.001, 0, 0.003, 0.004, 0.001, 0, 0.001, 0.001, 0
Node_ProtG41_ProtG40_0, 0, 0, 0.002, 0.003, 0, 0, 0, 0, 0
Node_ProtG42_ProtG74_0, 0.026, 0, 0.964, 0.083, 0.026, 0, 0.026, 0.026, 0
Node_ProtG43_ProtG55_0, 0.002, 0, 0.02, 0.023, 0.002, 0, 0.002, 0.002, 0.003
Node_ProtG44_ProtG22_0, 0.183, 0, 0.004, 0.08, 0.183, 0, 0.183, 0.054, 0.129
Node_ProtG45_ProtG66_0, 0.067, 0, 0.593, 0.135, 0.067, 0, 0.067, 0.067, 0
Node_ProtG45_ProtG75_0, 0.012, 0, 0.055, 0.034, 0.012, 0, 0.012, 0.012, 0
Node_ProtG47_ProtG62_0, 0.423, 0, 0.017, 0.075, 0.421, 0, 0.423, 0.336, 0.087
Node_ProtG48_ProtG1_0, 0.073, 0, 0.186, 0.104, 0.073, 0, 0.073, 0.073, 0
Node_ProtG48_ProtG25_0, 0.027, 0, 0.047, 0.037, 0.027, 0, 0.027, 0.026, 0.001
Node_ProtG48_ProtG6_0, 0.007, 0, 0.027, 0.025, 0.007, 0, 0.007, 0.004, 0.007
Node_ProtG49_ProtG29_0, 0.015, 0, 0.069, 0.03, 0.015, 0, 0.015, 0.015, 0
Node_ProtG53_ProtG27_0, 0.004, 0, 0.022, 0.01, 0.004, 0, 0.004, 0.004, 0
Node_ProtG53_ProtG70_0, 0.002, 0, 0.003, 0.002, 0.002, 0, 0.002, 0.002, 0.001
Node_ProtG58_ProtG59_0, 0.963, 0, 0.015, 0.897, 0.962, 0, 0.963, 0.961, 0.002
Node_ProtG59_ProtG73_0, 0.968, 0, 0.002, 0.2, 0.968, 0, 0.968, 0.961, 0.007
Node_ProtG61_ProtG60_0, 0.001, 0, 0.01, 0.007, 0.001, 0, 0.001, 0.001, 0.003
Node_ProtG61_ProtG72_0, 0.034, 0, 0.346, 0.102, 0.034, 0, 0.034, 0.034, 0.001
Node_ProtG61_ProtG78_0, 0.008, 0, 0.026, 0.022, 0.008, 0, 0.008, 0.008, 0
Node_ProtG62_ProtG77_0, 0.015, 0, 0.41, 0.097, 0.015, 0, 0.015, 0.014, 0.002
Node_ProtG65_ProtG69_0, 0.009, 0, 0.045, 0.035, 0.009, 0, 0.009, 0.009, 0.002
Node_ProtG66_ProtG68_0, 0.01, 0, 0.057, 0.053, 0.01, 0, 0.01, 0.01, 0
Node_ProtG67_ProtG63_0, 1.052, 0, 0.003, 0.037, 0.976, 0, 1.052, 0.932, 0.121
Node_ProtG80_ProtG57_0, 0.949, 0, 0.011, 0.087, 0.948, 0, 0.949, 0.939, 0.011
Node_ProtG81_ProtG79_0, 0.013, 0, 0.035, 0.032, 0.013, 0, 0.013, 0.013, 0.001
Node_ProtG83_ProtG52_0, 0.967, 0, 0.006, 0.011, 0.966, 0, 0.967, 0.962, 0.006
Node_ProtG83_ProtG89_0, 0.967, 0, 0, 0.139, 0.966, 0, 0.967, 0.579, 0.388
Node_ProtG84_ProtG11_0, 0.067, 0, 0.515, 0.158, 0.067, 0, 0.067, 0.066, 0.003
Node_ProtG84_ProtG83_0, 0.579, 0, 0.001, 0.067, 0.579, 0, 0.579, 0.436, 0.143
Node_ProtG84_ProtG90_0, 0.437, 0, 0.008, 0.043, 0.437, 0, 0.437, 0.406, 0.031
Node_ProtG85_ProtG56_0, 0.987, 0, 0.002, 0.019, 0.968, 0, 0.987, 0.964, 0.023
Node_ProtG85_ProtG58_0, 0.976, 0, 0.023, 0.062, 0.976, 0, 0.976, 0.97, 0.007
Node_ProtG85_ProtG86_0, 0.076, 0, 0.965, 0.029, 0.075, 0, 0.076, 0.023, 0.054
Node_ProtG85_ProtG88_0, 0.966, 0, 0.014, 0.042, 0.964, 0, 0.966, 0.963, 0.004
Node_ProtG85_ProtG91_0, 0.004, 0, 0.075, 0.017, 0.004, 0, 0.004, 0.003, 0.003
Node_ProtG86_ProtG82_0, 0.231, 0, 0.007, 0.063, 0.231, 0, 0.231, 0.074, 0.162
Node_ProtG87_ProtG3_0, 0.002, 0, 0.012, 0.009, 0.002, 0, 0.002, 0.002, 0.003
Node_ProtG87_ProtG4_0, 0.011, 0, 0.026, 0.018, 0.011, 0, 0.011, 0.011, 0.003
Node_ProtG89_ProtG13_0, 0.975, 0, 0.006, 0.021, 0.974, 0, 0.975, 0.964, 0.014
Node_ProtG90_ProtG54_0, 0.031, 0, 0.411, 0.113, 0.031, 0, 0.031, 0.03, 0.005
Node_ProtM1_ProtM3_0, 0, 0, 0.003, 0.002, 0, 0, 0, 0, 0
Node_ProtZ1_ProtZ4_0, 0, 0, 0.004, 0.002, 0, 0, 0, 0, 0.001
Node_ProtZ3_ProtZ1_0, 0.003, 0, 0.002, 0.002, 0.003, 0, 0.003, 0, 0.005
Node_ProtZ3_ProtZ2_0, 0, 0, 0.055, 0.007, 0, 0, 0, 0, 0.001
Node_SAR3X2_BMS3X1_0, 0, 0, 0.001, 0, 0, 0, 0, 0, 0
Node_SAR3X2_SAR3X1_0, 0, 0, 0.001, 0.002, 0, 0, 0, 0, 0.001
Node_SM23X1_Aero1_0, 0, 0, 0.001, 0.001, 0, 0, 0, 0, 0
Node_SM23X1_KSB1X3_0, 0, 0, 0.001, 0.001, 0, 0, 0, 0, 0.001
Node_Spir10_Lind1_0, 0, 0, 0.001, 0, 0, 0, 0, 0, 0
Node_Spir10_Spir13_0, 0.001, 0, 0, 0.001, 0.001, 0, 0.001, 0, 0.001
Node_Spir10_Spir3_0, 0.001, 0, 0.003, 0.004, 0.001, 0, 0.001, 0, 0.003
Node_Spir13_Spir2_0, 0, 0, 0.002, 0.001, 0, 0, 0, 0, 0.001
Node_Spir15_Spir4_0, 0, 0, 0.001, 0.001, 0, 0.001, 0, 0, 0
Node_Syne1_Syne2_0, 0.001, 0, 0.002, 0.003, 0.001, 0, 0.001, 0.001, 0.001
Node_Syne1_Syne6_0, 0.001, 0, 0, 0.001, 0.001, 0, 0.001, 0, 0.001
Node_Syne1_Syne7_0, 0.002, 0, 0.002, 0.003, 0.002, 0, 0.002, 0, 0.003
Node_Syne2_Syne8_0, 0.001, 0, 0.002, 0.002, 0.001, 0, 0.001, 0, 0.002
Node_Syne4_Syne5_0, 0.001, 0, 0, 0, 0.001, 0, 0.001, 0, 0.001
Node_Syne7_Syne10_0, 0.001, 0, 0.002, 0.001, 0.001, 0, 0.001, 0.001, 0.001
Node_Syne8_Syne3_0, 0, 0, 0.004, 0.004, 0, 0, 0, 0, 0.003
Node_Therd1_Dict1_0, 0, 0, 0.001, 0.001, 0, 0.001, 0, 0, 0
Node_Therg2_Therg4_0, 0, 0, 0.003, 0.003, 0, 0, 0, 0, 0.002
Node_Therg8_Therg2_0, 0.001, 0, 0, 0, 0.001, 0, 0.001, 0, 0.001
Node_Therg8_Therg3_0, 0, 0, 0.001, 0, 0, 0, 0, 0, 0
Node_Therg8_Therg6_0, 0, 0, 0.001, 0.001, 0, 0, 0, 0, 0.001
Node_UBA1X2_UBA1X5_0, 0, 0, 0.001, 0.001, 0, 0, 0, 0, 0.001
Node_UBA1X5_UBA1X4_0, 0.003, 0, 0.004, 0.006, 0.003, 0, 0.003, 0, 0.007
Node_UBA1X6_UBA1X1_0, 0.001, 0, 0.001, 0.002, 0.001, 0, 0.001, 0, 0.002
Node_UBA1X6_UBA1X2_0, 0, 0, 0.001, 0, 0, 0, 0, 0, 0
Node_UBA2X1_Desua22_0, 0, 0, 0.001, 0.001, 0, 0.001, 0, 0, 0
Node_UBA6X1_Desa1_0, 0.001, 0, 0, 0, 0.001, 0.001, 0.001, 0.001, 0
Node_UBA6X1_Elus1_0, 0, 0, 0.001, 0.001, 0, 0, 0, 0, 0
Node_Verr11_Verr12_0, 0.943, 0, 0.008, 0.005, 0.943, 0, 0.943, 0.932, 0.012
Node_Verr11_Verr14_0, 0.939, 0, 0, 0.072, 0.938, 0.001, 0.939, 0.068, 0.871
Node_Verr11_Verr7_0, 0.014, 0, 0, 0.007, 0.014, 0.001, 0.014, 0.009, 0.005
Node_Verr11_Verr8_0, 0.008, 0, 0.001, 0.002, 0.008, 0.002, 0.008, 0.002, 0.007
Node_Verr11_Verr9_0, 0.067, 0, 0, 0.008, 0.067, 0, 0.067, 0.014, 0.053
Node_Verr3_Verr10_0, 0.126, 0, 0, 0.03, 0.126, 0, 0.126, 0.014, 0.112
Node_Verr5_Verr6_0, 0, 0, 0.007, 0, 0, 0, 0, 0, 0
Node_Verr7_Verr13_0, 0.075, 0, 0.001, 0.018, 0.075, 0, 0.075, 0.02, 0.056
Node_Verr7_Verr2_0, 0.983, 0, 0, 0.475, 0.979, 0.001, 0.983, 0.076, 0.907
Node_Verr7_Verr4_0, 0.02, 0, 0.002, 0.006, 0.02, 0, 0.02, 0.014, 0.008
Node_Verr8_Verr3_0, 0.014, 0, 0.001, 0.003, 0.014, 0, 0.014, 0.007, 0.008
Node_Verr8_Verr5_0, 0.007, 0, 0.001, 0.002, 0.007, 0, 0.007, 0.007, 0
Node_WOR2_WOR4_0, 0, 0, 0.001, 0.001, 0, 0, 0, 0, 0.001
Node_Wall1_Muir1_0, 0, 0, 0.001, 0.001, 0, 0.001, 0, 0, 0
Node_Wall1_Syne1_0, 0, 0, 0.001, 0, 0, 0, 0, 0, 0
Node_Zixi2_Zixi1_0, 0, 0, 0.001, 0.001, 0, 0, 0, 0, 0.001
Node_Zixi4_Zixi3_0, 0, 0, 0.001, 0.001, 0, 0, 0, 0, 0.001
Node_chloroArabidopsis_chloroBryophyte_0, 0.001, 0, 0.003, 0.005, 0.001, 0, 0.001, 0, 0.004
Node_chloroArabidopsis_chloroChlorophyta_0, 0, 0, 0.004, 0.005, 0, 0, 0, 0, 0.003
Node_chloroArabidopsis_chloroLycophyte_0, 0.001, 0, 0, 0, 0.001, 0, 0.001, 0.001, 0
Node_chloroArabidopsis_chloroRedAlgae_0, 0.001, 0, 0.001, 0.001, 0.001, 0, 0.001, 0, 0.002
Node_mitoAnnelida_mitoChelicerate_0, 0.001, 0, 0, 0.002, 0.001, 0, 0.001, 0, 0.001
Node_mitoAnnelida_mitoPriapulid_0, 0, 0, 0.002, 0.003, 0, 0, 0, 0, 0.001
Node_mitoArabidopsis_mitoLycophyte_0, 0, 0, 0.002, 0.001, 0, 0, 0, 0, 0.001
Node_mitoBryophyte_mitoArabidopsis_0, 0.001, 0, 0.003, 0.003, 0.001, 0, 0.001, 0.001, 0.002
Node_mitoBryophyte_mitoChlorophyta_0, 0.002, 0, 0, 0.004, 0.002, 0, 0.002, 0, 0.002
Node_mitoBryophyte_mitoExcavata_0, 0, 0, 0.002, 0.003, 0, 0, 0, 0, 0.002
Node_mitoChelicerate_mitoInsect_0, 0.001, 0, 0.003, 0.004, 0.001, 0, 0.001, 0, 0.003
Node_mitoFungi_mitoAnnelida_0, 0, 0, 0.001, 0.001, 0, 0, 0, 0, 0.001
Node_mitoFungi_mitoBryophyte_0, 0, 0, 0.003, 0, 0, 0, 0, 0, 0
OLB1X1, 0, 0, 0.001, 0.001, 0, 0, 0, 0, 0.001
Omni2, 0, 0, 0.002, 0.001, 0, 0, 0, 0, 0
Omni3, 0, 0, 0.001, 0.002, 0, 0, 0, 0, 0.001
Omni4, 0, 0, 0.004, 0.003, 0, 0, 0, 0, 0.002
Omni6, 0, 0, 0.006, 0.006, 0, 0, 0, 0, 0.004
Omni7, 0, 0, 0.003, 0.003, 0, 0, 0, 0, 0.003
Omni8, 0, 0, 0.005, 0.006, 0, 0, 0, 0, 0.003
P4572X1, 0, 0, 0.002, 0.003, 0, 0, 0, 0, 0.002
Pate1, 0, 0, 0.008, 0.009, 0, 0, 0, 0, 0.008
Pate10, 0, 0, 0.003, 0.003, 0, 0, 0, 0, 0.003
Pate11, 0, 0, 0.004, 0.004, 0, 0, 0, 0, 0.004
Pate12, 0, 0, 0.004, 0.003, 0, 0, 0, 0, 0.003
Pate13, 0, 0, 0.002, 0.002, 0, 0, 0, 0, 0.002
Pate14, 0, 0, 0.006, 0.006, 0, 0, 0, 0, 0.006
Pate15, 0, 0, 0.004, 0.004, 0, 0, 0, 0, 0.003
Pate17, 0, 0, 0.003, 0.003, 0, 0, 0, 0, 0.003
Pate18, 0, 0, 0.002, 0.002, 0, 0, 0, 0, 0.002
Pate19, 0, 0, 0.003, 0.003, 0, 0, 0, 0, 0.003
Pate21, 0, 0, 0.004, 0.004, 0, 0, 0, 0, 0.004
Pate22, 0, 0, 0.005, 0.007, 0, 0, 0, 0, 0.005
Pate23, 0, 0, 0.003, 0.004, 0, 0, 0, 0, 0.003
Pate24, 0, 0, 0.001, 0.001, 0, 0, 0, 0, 0.001
Pate25, 0, 0, 0.002, 0.002, 0, 0, 0, 0, 0.002
Pate26, 0, 0, 0.004, 0.004, 0, 0, 0, 0, 0.003
Pate27, 0, 0, 0.005, 0.003, 0, 0, 0, 0, 0.001
Pate28, 0, 0, 0.009, 0.011, 0, 0, 0, 0, 0.009
Pate29, 0, 0, 0.004, 0.003, 0, 0, 0, 0, 0.003
Pate3, 0, 0, 0.001, 0.001, 0, 0, 0, 0, 0.001
Pate30, 0, 0, 0.002, 0.003, 0, 0, 0, 0, 0.002
Pate31, 0, 0, 0.005, 0.004, 0, 0, 0, 0, 0.003
Pate32, 0, 0, 0.004, 0.005, 0, 0, 0, 0, 0.004
Pate33, 0, 0, 0.007, 0.007, 0, 0, 0, 0, 0.005
Pate34, 0, 0, 0.002, 0.002, 0, 0, 0, 0, 0.002
Pate35, 0, 0, 0.004, 0.004, 0, 0, 0, 0, 0.004
Pate36, 0, 0, 0.002, 0.002, 0, 0, 0, 0, 0.002
Pate37, 0, 0, 0.004, 0.004, 0, 0, 0, 0, 0.004
Pate38, 0, 0, 0.002, 0.003, 0, 0, 0, 0, 0.002
Pate4, 0, 0, 0.001, 0.001, 0, 0, 0, 0, 0.001
Pate40, 0, 0, 0.001, 0.001, 0, 0, 0, 0, 0.001
Pate41, 0, 0, 0.001, 0, 0, 0, 0, 0, 0
Pate43, 0, 0, 0.003, 0.003, 0, 0, 0, 0, 0.002
Pate44, 0, 0, 0.005, 0.006, 0, 0, 0, 0, 0.005
Pate45, 0, 0, 0.002, 0.002, 0, 0, 0, 0, 0.002
Pate46, 0, 0, 0.007, 0.007, 0, 0, 0, 0, 0.006
Pate48, 0, 0, 0.003, 0.005, 0, 0, 0, 0, 0.003
Pate49, 0, 0, 0.004, 0.004, 0, 0, 0, 0, 0.003
Pate5, 0, 0, 0.002, 0.002, 0, 0, 0, 0, 0.002
Pate51, 0, 0, 0.006, 0.004, 0, 0, 0, 0, 0.002
Pate52, 0, 0, 0.002, 0.003, 0, 0, 0, 0, 0.002
Pate53, 0, 0, 0.004, 0.004, 0, 0, 0, 0, 0.003
Pate54, 0, 0, 0.004, 0.003, 0, 0, 0, 0, 0.002
Pate55, 0, 0, 0.002, 0.003, 0, 0, 0, 0, 0.002
Pate56, 0, 0, 0.002, 0.002, 0, 0, 0, 0, 0.002
Pate57, 0, 0, 0.004, 0.004, 0, 0, 0, 0, 0.003
Pate6, 0, 0, 0.005, 0.007, 0, 0, 0, 0, 0.005
Pate7, 0, 0, 0.002, 0.003, 0, 0, 0, 0, 0.002
Pate8, 0, 0, 0.002, 0.003, 0, 0, 0, 0, 0.002
Pate9, 0, 0, 0.001, 0.001, 0, 0, 0, 0, 0.001
Plan12, 0, 0, 0.001, 0.002, 0, 0, 0, 0, 0.001
Plan16, 0, 0, 0.004, 0.004, 0, 0, 0, 0, 0.003
Plan17, 0, 0, 0.001, 0.001, 0, 0, 0, 0, 0.001
Plan18, 0, 0, 0.005, 0.005, 0, 0, 0, 0, 0.005
Plan2, 0, 0, 0.002, 0.002, 0, 0, 0, 0, 0
Plan21, 0, 0, 0.005, 0.004, 0, 0, 0, 0, 0.004
Plan22, 0, 0, 0.005, 0.004, 0, 0, 0, 0, 0.003
Plan23, 0, 0, 0.001, 0.001, 0, 0, 0, 0, 0.001
Plan26, 0, 0, 0.001, 0.001, 0, 0, 0, 0, 0.001
Plan27, 0, 0, 0.001, 0.002, 0, 0, 0, 0, 0.001
Plan3, 0, 0, 0.003, 0.006, 0, 0, 0, 0, 0.002
Plan30, 0, 0, 0.002, 0.002, 0, 0, 0, 0, 0.002
Plan33, 0, 0, 0.001, 0.001, 0, 0, 0, 0, 0.001
Plan39, 0, 0, 0.001, 0.001, 0, 0, 0, 0, 0.001
Plan4, 0, 0, 0.003, 0.003, 0, 0, 0, 0, 0.003
Plan40, 0, 0, 0.002, 0.002, 0, 0, 0, 0, 0.002
Plan42, 0, 0, 0.001, 0.001, 0, 0, 0, 0, 0.001
Plan43, 0, 0, 0.003, 0.003, 0, 0, 0, 0, 0.002
Plan44, 0, 0, 0.003, 0.003, 0, 0, 0, 0, 0.003
Plan5, 0, 0, 0.002, 0.003, 0, 0, 0, 0, 0.002
Plan7, 0, 0, 0.004, 0.005, 0, 0, 0, 0, 0.004
Pori1, 0, 0, 0.001, 0.002, 0, 0, 0, 0, 0.001
Pori2, 0, 0, 0.002, 0.002, 0, 0, 0, 0, 0.002
ProtA11, 0, 0, 0.001, 0.001, 0, 0, 0, 0, 0.001
ProtA14, 0, 0, 0.003, 0.003, 0, 0, 0, 0, 0.003
ProtA15, 0, 0, 0.002, 0.003, 0, 0, 0, 0, 0.001
ProtA16, 0, 0, 0.001, 0.001, 0, 0, 0, 0, 0.001
ProtA2, 0, 0, 0.002, 0.002, 0, 0, 0, 0, 0.001
ProtA20, 0, 0, 0.002, 0.001, 0, 0, 0, 0, 0
ProtA21, 0, 0, 0.005, 0.004, 0, 0, 0, 0, 0.004
ProtA24, 0, 0, 0.001, 0, 0, 0, 0, 0, 0
ProtA26, 0, 0, 0.002, 0.003, 0, 0, 0, 0, 0.002
ProtA27, 0, 0, 0.006, 0.008, 0, 0, 0, 0, 0.005
ProtA29, 0, 0, 0.003, 0.003, 0, 0, 0, 0, 0.003
ProtA3, 0, 0, 0.002, 0.003, 0, 0, 0, 0, 0.002
ProtA30, 0, 0, 0.002, 0.002, 0, 0, 0, 0, 0.002
ProtA31, 0, 0, 0.002, 0.001, 0, 0, 0, 0, 0.001
ProtA32, 0, 0, 0.004, 0.004, 0, 0, 0, 0, 0.004
ProtA33, 0, 0, 0.001, 0.002, 0, 0, 0, 0, 0.001
ProtA34, 0, 0, 0.002, 0.003, 0, 0, 0, 0, 0.002
ProtA35, 0, 0, 0.001, 0.002, 0, 0, 0, 0, 0.001
ProtA36, 0, 0, 0.003, 0.003, 0, 0, 0, 0, 0.003
ProtA37, 0, 0, 0.002, 0.002, 0, 0, 0, 0, 0.002
ProtA38, 0, 0, 0.006, 0.007, 0, 0, 0, 0, 0.005
ProtA39, 0, 0, 0.002, 0.003, 0, 0, 0, 0, 0.002
ProtA40, 0, 0, 0.003, 0.007, 0, 0, 0, 0, 0.003
ProtA41, 0, 0, 0.003, 0.003, 0, 0, 0, 0, 0.002
ProtA42, 0, 0, 0.003, 0.004, 0, 0, 0, 0, 0.002
ProtA43, 0, 0, 0.001, 0.001, 0, 0, 0, 0, 0.001
ProtA44, 0, 0, 0.003, 0.003, 0, 0, 0, 0, 0.003
ProtA45, 0, 0, 0.002, 0.001, 0, 0, 0, 0, 0.001
ProtA46, 0, 0, 0.001, 0.001, 0, 0, 0, 0, 0
ProtA47, 0, 0, 0.161, 0.006, 0, 0, 0, 0, 0.001
ProtA48, 0, 0, 0.005, 0, 0, 0, 0, 0, 0
ProtA49, 0, 0, 0.002, 0.003, 0, 0, 0, 0, 0.002
ProtA5, 0, 0, 0.002, 0.001, 0, 0, 0, 0, 0
ProtA50, 0, 0, 0.001, 0.001, 0, 0, 0, 0, 0.001
ProtA51, 0, 0, 0.001, 0.001, 0, 0, 0, 0, 0.001
ProtA52, 0, 0, 0.005, 0.007, 0, 0, 0, 0, 0.005
ProtA53, 1, 0, 0.003, 0.569, 1, 0, 1, 0.067, 0.935
ProtA54, 0, 0, 0.001, 0.001, 0, 0, 0, 0, 0.001
ProtA55, 0, 0, 0.001, 0, 0, 0, 0, 0, 0
ProtA56, 0, 0, 0.001, 0.001, 0, 0, 0, 0, 0.001
ProtA58, 0, 0, 0.071, 0.024, 0, 0, 0, 0, 0.003
ProtA60, 0, 0, 0.051, 0.024, 0, 0, 0, 0, 0.001
ProtA61, 0, 0, 0.001, 0.001, 0, 0, 0, 0, 0.001
ProtA62, 0, 0, 0.001, 0.001, 0, 0, 0, 0, 0.001
ProtA63, 1, 0, 0.002, 0.021, 1, 0, 1, 0.159, 0.842
ProtA64, 0, 0, 0.003, 0.003, 0, 0, 0, 0, 0.003
ProtA66, 0, 0, 0.002, 0.002, 0, 0, 0, 0, 0.002
ProtA67, 0, 0, 0.001, 0.001, 0, 0, 0, 0, 0.001
ProtA68, 0, 0, 0.002, 0.002, 0, 0, 0, 0, 0.001
ProtA69, 0, 0, 0.002, 0.002, 0, 0, 0, 0, 0.002
ProtA7, 0, 0, 0.004, 0.006, 0, 0, 0, 0, 0.003
ProtA70, 0, 0, 0.004, 0.004, 0, 0, 0, 0, 0.004
ProtA72, 0, 0, 0.001, 0.001, 0, 0, 0, 0, 0.001
ProtA74, 0, 0, 0.001, 0.001, 0, 0, 0, 0, 0.001
ProtA75, 0, 0, 0.001, 0.001, 0, 0, 0, 0, 0.001
ProtA76, 0, 0, 0.001, 0.001, 0, 0, 0, 0, 0.001
ProtA77, 0, 0, 0.001, 0.001, 0, 0, 0, 0, 0.001
ProtA8, 0, 0, 0.001, 0.002, 0, 0, 0, 0, 0.001
ProtA9, 1, 0, 0.001, 0.251, 1, 0, 1, 0.05, 0.951
ProtG1, 0, 0, 0.077, 0.043, 0, 0, 0, 0, 0.004
ProtG10, 1, 0, 0.208, 0.02, 1, 0, 1, 0.22, 0.782
ProtG11, 0, 0, 0.07, 0.058, 0, 0, 0, 0, 0.003
ProtG12, 1, 0, 0.002, 0.051, 1, 0, 1, 0.385, 0.616
ProtG13, 0, 0, 0.978, 0.03, 0, 0, 0, 0, 0.003
ProtG14, 0, 0, 0.292, 0.028, 0, 0, 0, 0, 0.004
ProtG15, 0, 0, 0.002, 0.002, 0, 0, 0, 0, 0.001
ProtG16, 0, 0, 0.016, 0.011, 0, 0, 0, 0, 0
ProtG17, 0, 0, 0.018, 0.012, 0, 0, 0, 0, 0.002
ProtG18, 0, 0, 0.005, 0.005, 0, 0, 0, 0, 0.002
ProtG19, 0, 0, 0.001, 0, 0, 0, 0, 0, 0
ProtG20, 0, 0, 0.01, 0.004, 0, 0, 0, 0, 0.001
ProtG21, 0, 0, 0.003, 0.002, 0, 0, 0, 0, 0
ProtG22, 1, 0, 0.002, 0.395, 1, 0, 1, 0.181, 0.819
ProtG24, 1, 0, 0.023, 0.408, 1, 0, 1, 0.552, 0.453
ProtG25, 0, 0, 0.006, 0.006, 0, 0, 0, 0, 0.003
ProtG26, 0, 0, 0.006, 0.006, 0, 0, 0, 0, 0.004
ProtG27, 0, 0, 0.004, 0.001, 0, 0, 0, 0, 0
ProtG28, 0, 0, 0.05, 0.034, 0, 0, 0, 0, 0.002
ProtG29, 0, 0, 0.003, 0.004, 0, 0, 0, 0, 0.001
ProtG3, 0, 0, 0.003, 0.003, 0, 0, 0, 0, 0.001
ProtG30, 0, 0, 0.002, 0.002, 0, 0, 0, 0, 0.001
ProtG31, 0, 0, 0.061, 0.021, 0, 0, 0, 0, 0.003
ProtG32, 0, 0, 0.004, 0.002, 0, 0, 0, 0, 0.002
ProtG33, 1, 0, 0.012, 0.193, 1, 0, 1, 0.199, 0.802
ProtG34, 0, 0, 0.432, 0.087, 0, 0, 0, 0, 0.002
ProtG35, 0, 0, 0.05, 0.034, 0, 0, 0, 0, 0.003
ProtG36, 0, 0, 0.009, 0.008, 0, 0, 0, 0, 0
ProtG38, 0, 0, 0.008, 0.007, 0, 0, 0, 0, 0.002
ProtG39, 0, 0, 0.003, 0.003, 0, 0, 0, 0, 0.002
ProtG4, 0, 0, 0.015, 0.012, 0, 0, 0, 0, 0.004
ProtG40, 0, 0, 0.001, 0.002, 0, 0, 0, 0, 0.001
ProtG41, 0, 0, 0.002, 0.002, 0, 0, 0, 0, 0.002
ProtG42, 0, 0, 0.026, 0.016, 0, 0, 0, 0, 0
ProtG43, 0, 0, 0.005, 0.005, 0, 0, 0, 0, 0.003
ProtG44, 0, 0, 0.183, 0.079, 0, 0, 0, 0, 0
ProtG45, 0, 0, 0.018, 0.013, 0, 0, 0, 0, 0.006
ProtG46, 0, 0, 0.008, 0.005, 0, 0, 0, 0, 0.002
ProtG47, 1, 0, 0.005, 0.286, 1, 0, 1, 0.418, 0.582
ProtG48, 0, 0, 0.009, 0.006, 0, 0, 0, 0, 0.002
ProtG49, 0, 0, 0.018, 0.012, 0, 0, 0, 0, 0.003
ProtG5, 0, 0, 0.387, 0.029, 0, 0, 0, 0, 0.001
ProtG50, 1, 0, 0.011, 0.903, 1, 0, 1, 0.992, 0.013
ProtG52, 0, 0, 0.967, 0.024, 0, 0, 0, 0, 0
ProtG53, 0, 0, 0.005, 0.006, 0, 0, 0, 0, 0.003
ProtG54, 0, 0, 0.033, 0.03, 0, 0, 0, 0, 0.002
ProtG55, 0, 0, 0.003, 0.003, 0, 0, 0, 0, 0.001
ProtG56, 1, 0, 0.024, 0.014, 1, 0, 1, 0.965, 0.037
ProtG57, 0, 0, 0.952, 0.096, 0, 0, 0, 0, 0.003
ProtG58, 0, 0, 0.963, 0.219, 0, 0, 0, 0, 0
ProtG59, 0, 0, 0.968, 0.251, 0, 0, 0, 0, 0
ProtG6, 0, 0, 0.007, 0.004, 0, 0, 0, 0, 0
ProtG60, 0, 0, 0.003, 0.002, 0, 0, 0, 0, 0.002
ProtG61, 0, 0, 0.002, 0.003, 0, 0, 0, 0, 0.001
ProtG62, 0, 0, 0.015, 0.01, 0, 0, 0, 0, 0
ProtG63, 1, 0, 0.336, 0.515, 1, 0, 1, 0.717, 0.284
ProtG64, 0, 0, 0.014, 0.013, 0, 0, 0, 0, 0.003
ProtG65, 0, 0, 0.011, 0.008, 0, 0, 0, 0, 0.002
ProtG66, 0, 0, 0.011, 0.007, 0, 0, 0, 0, 0.001
ProtG67, 1, 0, 0.126, 0.692, 1, 0, 1, 0.927, 0.074
ProtG68, 0, 0, 0.012, 0.012, 0, 0, 0, 0, 0.002
ProtG69, 0, 0, 0.012, 0.009, 0, 0, 0, 0, 0.003
ProtG7, 0, 0, 0.212, 0.102, 0, 0, 0, 0, 0.002
ProtG70, 0, 0, 0.002, 0.001, 0, 0, 0, 0, 0
ProtG71, 0, 0, 0.201, 0.022, 0, 0, 0, 0, 0.002
ProtG72, 0, 0, 0.037, 0.022, 0, 0, 0, 0, 0.003
ProtG73, 1, 0, 0.001, 0.257, 1, 0, 1, 0.968, 0.033
ProtG74, 0, 0, 0.029, 0.027, 0, 0, 0, 0, 0.003
ProtG75, 0, 0, 0.014, 0.009, 0, 0, 0, 0, 0.002
ProtG76, 0, 0, 0.002, 0.002, 0, 0, 0, 0, 0
ProtG77, 0, 0, 0.017, 0.01, 0, 0, 0, 0, 0.002
ProtG78, 0, 0, 0.009, 0.005, 0, 0, 0, 0, 0.001
ProtG79, 0, 0, 0.013, 0.009, 0, 0, 0, 0, 0
ProtG8, 0, 0, 0.009, 0.007, 0, 0, 0, 0, 0.001
ProtG80, 1, 0, 0.002, 0.092, 1, 0, 1, 0.948, 0.053
ProtG81, 0, 0, 0.015, 0.016, 0, 0, 0, 0, 0.002
ProtG82, 1, 0, 0.002, 0.324, 1, 0, 1, 0.229, 0.771
ProtG83, 1, 0, 0.001, 0.023, 1, 0, 1, 0.966, 0.034
ProtG84, 0, 0, 0.067, 0.053, 0, 0, 0, 0, 0
ProtG85, 0, 0, 0.004, 0.003, 0, 0, 0, 0, 0
ProtG86, 0, 0, 0.233, 0.065, 0, 0, 0, 0, 0.002
ProtG87, 0, 0, 0.004, 0.002, 0, 0, 0, 0, 0.002
ProtG88, 0, 0, 0.967, 0.015, 0, 0, 0, 0, 0.001
ProtG89, 1, 0, 0.004, 0.026, 1, 0.001, 1, 0.973, 0.028
ProtG9, 0, 0, 0.003, 0.002, 0, 0, 0, 0, 0
ProtG90, 0, 0, 0.033, 0.026, 0, 0, 0, 0, 0.002
ProtG91, 0, 0, 0.007, 0.004, 0, 0, 0, 0, 0.003
ProtM1, 0, 0, 0.001, 0.002, 0, 0, 0, 0, 0.001
ProtM2, 0, 0, 0.001, 0.002, 0, 0, 0, 0, 0.001
ProtM3, 0, 0, 0.003, 0.004, 0, 0, 0, 0, 0.003
ProtZ1, 0, 0, 0.001, 0.001, 0, 0, 0, 0, 0.001
ProtZ2, 0, 0, 0.001, 0.002, 0, 0, 0, 0, 0.001
ProtZ3, 0, 0, 0.004, 0.004, 0, 0, 0, 0, 0.001
ProtZ4, 0, 0, 0.001, 0.001, 0, 0, 0, 0, 0.001
ProtZ5, 0, 0, 0.014, 0.009, 0, 0, 0, 0, 0.004
RBG1, 0, 0, 0.003, 0.003, 0, 0, 0, 0, 0.003
Rifl1, 0, 0, 0.003, 0.003, 0, 0, 0, 0, 0.003
SAR3X1, 0, 0, 0.001, 0.001, 0, 0, 0, 0, 0.001
SAR3X2, 0, 0, 0.001, 0.001, 0, 0, 0, 0, 0.001
SLNR1, 0, 0, 0.005, 0.005, 0, 0, 0, 0, 0.005
SM23X1, 0, 0, 0.004, 0.005, 0, 0, 0, 0, 0.004
SZUA1, 0, 0, 0.001, 0.001, 0, 0, 0, 0, 0.001
SZUA2, 0, 0, 0.001, 0.001, 0, 0, 0, 0, 0.001
Sche1, 0, 0, 0.001, 0.001, 0, 0, 0, 0, 0.001
Spir10, 0, 0, 0.002, 0.001, 0, 0, 0, 0, 0.001
Spir11, 0, 0, 0.001, 0.001, 0, 0, 0, 0, 0.001
Spir12, 0, 0, 0.001, 0.001, 0, 0, 0, 0, 0.001
Spir13, 0, 0, 0.001, 0.001, 0, 0, 0, 0, 0.001
Spir15, 0, 0, 0.002, 0.002, 0, 0, 0, 0, 0.002
Spir2, 0, 0, 0.002, 0.003, 0, 0, 0, 0, 0.002
Spir3, 0, 0, 0.003, 0.004, 0, 0, 0, 0, 0.002
Spir4, 0, 0, 0.002, 0.003, 0, 0, 0, 0, 0.002
Spir8, 0, 0, 0.002, 0.004, 0, 0, 0, 0, 0.002
Spir9, 0, 0, 0.001, 0.001, 0, 0, 0, 0, 0.001
Sume1, 0, 0, 0.004, 0.006, 0, 0, 0, 0, 0.004
Syne1, 0, 0, 0.003, 0.004, 0, 0, 0, 0, 0.002
Syne10, 0, 0, 0.003, 0.003, 0, 0, 0, 0, 0.002
Syne2, 0, 0, 0.003, 0.003, 0, 0, 0, 0, 0.002
Syne3, 0, 0, 0.001, 0.001, 0, 0, 0, 0, 0.001
Syne4, 0, 0, 0.002, 0.002, 0, 0, 0, 0, 0.001
Syne5, 0, 0, 0.004, 0.003, 0, 0, 0, 0, 0.003
Syne6, 0, 0, 0.002, 0.002, 0, 0, 0, 0, 0.001
Syne7, 0, 0, 0.001, 0, 0, 0, 0, 0, 0
Syne9, 0, 0, 0.004, 0.004, 0, 0, 0, 0, 0.004
TA06A1, 0, 0, 0.003, 0.003, 0, 0, 0, 0, 0.003
TA06X1, 0, 0, 0.005, 0.006, 0, 0, 0, 0, 0.005
Therd1, 0, 0, 0.003, 0.004, 0, 0, 0, 0, 0.003
Therg3, 0, 0, 0.001, 0.001, 0, 0, 0, 0, 0.001
Therg4, 0, 0, 0.001, 0.001, 0, 0, 0, 0, 0.001
Therg5, 0, 0, 0.001, 0.001, 0, 0, 0, 0, 0.001
Therg6, 0, 0, 0.002, 0.002, 0, 0, 0, 0, 0.002
Therg8, 0, 0, 0.001, 0.001, 0, 0, 0, 0, 0.001
Thers1, 0, 0, 0.002, 0.002, 0, 0, 0, 0, 0.002
UBA1X1, 0, 0, 0.002, 0.001, 0, 0, 0, 0, 0.001
UBA1X2, 0, 0, 0.002, 0.003, 0, 0, 0, 0, 0.002
UBA1X3, 0, 0, 0.002, 0.002, 0, 0, 0, 0, 0.002
UBA1X4, 0, 0, 0.006, 0.006, 0, 0, 0, 0, 0.003
UBA1X5, 0, 0, 0.005, 0.004, 0, 0, 0, 0, 0.002
UBA1X6, 0, 0, 0.001, 0.003, 0, 0, 0, 0, 0
UBA2X1, 0, 0, 0.001, 0.001, 0, 0, 0, 0, 0.001
UBA6X1, 0, 0, 0.002, 0.003, 0, 0, 0, 0, 0.002
UBA9X1, 0, 0, 0.003, 0.004, 0, 0, 0, 0, 0.003
UBA9X2, 0, 0, 0.004, 0.005, 0, 0, 0, 0, 0.004
UBA9X3, 0, 0, 0.002, 0.002, 0, 0, 0, 0, 0.002
UBP13X1, 0, 0, 0.002, 0.003, 0, 0, 0, 0, 0.002
UBP14X1, 0, 0, 0.003, 0.003, 0, 0, 0, 0, 0.003
UBP4X1, 0, 0, 0.001, 0.001, 0, 0, 0, 0, 0.001
UBP6X1, 0, 0, 0.005, 0.006, 0, 0, 0, 0, 0.004
Verr10, 1, 0, 0.003, 0.448, 1, 0, 1, 0.126, 0.877
Verr11, 0, 0, 0.943, 0.005, 0, 0, 0, 0, 0
Verr12, 1, 0, 0.004, 0.028, 1, 0, 1, 0.942, 0.061
Verr13, 0, 0, 0.08, 0.018, 0, 0, 0, 0, 0.005
Verr14, 1, 0, 0.001, 0.034, 1, 0, 1, 0.938, 0.062
Verr2, 1, 0, 0.013, 0.939, 1, 0, 1, 0.972, 0.03
Verr3, 0, 0, 0.126, 0.03, 0, 0, 0, 0, 0
Verr4, 0, 0, 0.022, 0.002, 0, 0, 0, 0, 0.002
Verr5, 0, 0, 0.003, 0.003, 0, 0, 0, 0, 0.003
Verr7, 1, 0, 0.005, 0.238, 1, 0, 1, 0.978, 0.022
Verr8, 0, 0, 0.015, 0.003, 0, 0, 0, 0, 0.001
Verr9, 0, 0, 0.07, 0.006, 0, 0, 0, 0, 0.003
WOR1, 0, 0, 0.004, 0.006, 0, 0, 0, 0, 0.004
WOR2, 0, 0, 0.002, 0.002, 0, 0, 0, 0, 0.002
WOR3, 0, 0, 0.005, 0.006, 0, 0, 0, 0, 0.005
WOR4, 0, 0, 0.002, 0.003, 0, 0, 0, 0, 0.002
WOR6, 0, 0, 0.005, 0.005, 0, 0, 0, 0, 0.005
WOR7, 0, 0, 0.002, 0.002, 0, 0, 0, 0, 0.002
Wall1, 0, 0, 0.001, 0.001, 0, 0, 0, 0, 0.001
Zixi1, 0, 0, 0.005, 0.005, 0, 0, 0, 0, 0.005
Zixi2, 0, 0, 0.002, 0.002, 0, 0, 0, 0, 0.002
Zixi4, 0, 0, 0.003, 0.004, 0, 0, 0, 0, 0.003
Zixi5, 0, 0, 0.003, 0.003, 0, 0, 0, 0, 0.003
chloroArabidopsis, 0, 0, 0.003, 0.004, 0, 0, 0, 0, 0.002
chloroBryophyte, 0, 0, 0.002, 0.001, 0, 0, 0, 0, 0.001
chloroChlorophyta, 0, 0, 0.001, 0.001, 0, 0, 0, 0, 0.001
chloroLycophyte, 0, 0, 0.001, 0, 0, 0, 0, 0, 0
chloroRedAlgae, 0, 0, 0.003, 0.003, 0, 0, 0, 0, 0.002
mitoAnnelida, 0, 0, 0.001, 0.002, 0, 0, 0, 0, 0.001
mitoArabidopsis, 0, 0, 0.002, 0.002, 0, 0, 0, 0, 0.002
mitoBryophyte, 0, 0, 0.002, 0.002, 0, 0, 0, 0, 0.001
mitoChelicerate, 0, 0, 0.001, 0.002, 0, 0, 0, 0, 0
mitoChlorophyta, 0, 0, 0.002, 0, 0, 0, 0, 0, 0
mitoExcavata, 0, 0, 0.001, 0.002, 0, 0, 0, 0, 0.001
mitoFungi, 0, 0, 0.002, 0.002, 0, 0, 0, 0, 0.002
mitoInsect, 0, 0, 0.002, 0.001, 0, 0, 0, 0, 0.001
mitoLycophyte, 0, 0, 0.001, 0.001, 0, 0, 0, 0, 0.001
mitoMollusc, 0, 0, 0.001, 0.001, 0, 0, 0, 0, 0.001
mitoParamecium, 0, 0, 0.002, 0.002, 0, 0, 0, 0, 0.002
mitoPriapulid, 0, 0, 0.001, 0.001, 0, 0, 0, 0, 0.001
mitoRedAlgae, 0, 0, 0.002, 0.002, 0, 0, 0, 0, 0.002
