species_label, speciations, duplications, losses, transfers, presence, origination, copies, singletons, transfers_to
AABM5X1, 0, 0, 0.001, 0.001, 0, 0, 0, 0, 0
AABM5X2, 0, 0, 0.002, 0.002, 0, 0, 0, 0, 0.001
AABM5X3, 0, 0, 0.002, 0.002, 0, 0, 0, 0, 0.002
Abys1, 0, 0, 0.002, 0.002, 0, 0, 0, 0, 0.002
Acid1, 0, 0, 0.001, 0.001, 0, 0, 0, 0, 0.001
Acid10, 0, 0, 0.003, 0.003, 0, 0, 0, 0, 0.003
Acid11, 0, 0, 0.001, 0.001, 0, 0, 0, 0, 0.001
Acid12, 0, 0, 0.002, 0.002, 0, 0, 0, 0, 0.002
Acid14, 0, 0, 0.001, 0.001, 0, 0, 0, 0, 0.001
Acid16, 0, 0, 0.001, 0.001, 0, 0, 0, 0, 0.001
Acid17, 0, 0, 0.005, 0.005, 0, 0, 0, 0, 0.005
Acid18, 0, 0, 0.001, 0.002, 0, 0, 0, 0, 0.001
Acid2, 0, 0, 0.002, 0.004, 0, 0, 0, 0, 0.002
Acid20, 0, 0, 0.004, 0.006, 0, 0, 0, 0, 0.004
Acid22, 0, 0, 0.005, 0.006, 0, 0, 0, 0, 0.005
Acid23, 0, 0, 0.004, 0.003, 0, 0, 0, 0, 0.002
Acid24, 0, 0, 0.001, 0.001, 0, 0, 0, 0, 0.001
Acid25, 0, 0, 0.002, 0.002, 0, 0, 0, 0, 0.002
Acid26, 0, 0, 0.003, 0.003, 0, 0, 0, 0, 0.003
Acid27, 0, 0, 0.004, 0.003, 0, 0, 0, 0, 0.003
Acid28, 0, 0, 0.002, 0.001, 0, 0, 0, 0, 0.001
Acid29, 0, 0, 0.002, 0.002, 0, 0, 0, 0, 0.001
Acid30, 0, 0, 0.002, 0.003, 0, 0, 0, 0, 0.002
Acid31, 0, 0, 0.001, 0.002, 0, 0, 0, 0, 0.001
Acid32, 0, 0, 0.003, 0.004, 0, 0, 0, 0, 0.003
Acid33, 0, 0, 0.002, 0.002, 0, 0, 0, 0, 0.002
Acid34, 0, 0, 0.003, 0.001, 0, 0, 0, 0, 0.001
Acid35, 0, 0, 0.002, 0.002, 0, 0, 0, 0, 0.002
Acid36, 0, 0, 0.002, 0.001, 0, 0, 0, 0, 0.001
Acid37, 0, 0, 0.001, 0.001, 0, 0, 0, 0, 0.001
Acid38, 0, 0, 0.003, 0.005, 0, 0, 0, 0, 0.002
Acid39, 0, 0, 0.003, 0.003, 0, 0, 0, 0, 0.003
Acid4, 0, 0, 0.003, 0.003, 0, 0, 0, 0, 0.003
Acid40, 0, 0, 0.002, 0.002, 0, 0, 0, 0, 0.002
Acid5, 0, 0, 0.003, 0.005, 0, 0, 0, 0, 0.003
Acid6, 0, 0, 0.003, 0.004, 0, 0, 0, 0, 0.002
Acid8, 0, 0, 0.004, 0.004, 0, 0, 0, 0, 0.004
Acid9, 0, 0, 0.002, 0.002, 0, 0, 0, 0, 0.002
Acti10, 0, 0, 0.004, 0.004, 0, 0, 0, 0, 0.003
Acti11, 0, 0, 0.003, 0.004, 0, 0, 0, 0, 0.003
Acti12, 0, 0, 0.004, 0.008, 0, 0, 0, 0, 0.004
Acti13, 0, 0, 0.002, 0.003, 0, 0, 0, 0, 0.002
Acti14, 0, 0, 0.001, 0, 0, 0, 0, 0, 0
Acti15, 0, 0, 0.893, 0.003, 0, 0, 0, 0, 0.003
Acti16, 0, 0, 0.002, 0.001, 0, 0, 0, 0, 0
Acti18, 0, 0, 0.003, 0.003, 0, 0, 0, 0, 0.001
Acti19, 0, 0, 0.004, 0.006, 0, 0, 0, 0, 0.004
Acti2, 0, 0, 0.008, 0.008, 0, 0, 0, 0, 0.007
Acti20, 0, 0, 0.001, 0.001, 0, 0, 0, 0, 0.001
Acti21, 0, 0, 0.001, 0.001, 0, 0, 0, 0, 0.001
Acti22, 0, 0, 0.004, 0.005, 0, 0, 0, 0, 0.004
Acti24, 0, 0, 0.004, 0.006, 0, 0, 0, 0, 0.004
Acti25, 0, 0, 0.003, 0.004, 0, 0, 0, 0, 0.002
Acti27, 0, 0, 0.003, 0.004, 0, 0, 0, 0, 0.003
Acti29, 0, 0, 0.001, 0.001, 0, 0, 0, 0, 0.001
Acti3, 0, 0, 0.001, 0, 0, 0, 0, 0, 0
Acti30, 0, 0, 0.004, 0.003, 0, 0, 0, 0, 0.003
Acti31, 0, 0, 0.002, 0.001, 0, 0, 0, 0, 0.001
Acti32, 0, 0, 0.006, 0.004, 0, 0, 0, 0, 0.002
Acti33, 0, 0, 0.002, 0.002, 0, 0, 0, 0, 0.002
Acti34, 0, 0, 0.001, 0, 0, 0, 0, 0, 0
Acti35, 0, 0, 0.002, 0.003, 0, 0, 0, 0, 0.002
Acti36, 0, 0, 0.001, 0.001, 0, 0, 0, 0, 0.001
Acti37, 0, 0, 0.001, 0, 0, 0, 0, 0, 0
Acti38, 1, 0, 0.003, 0.042, 1, 0, 1, 0.911, 0.092
Acti39, 0, 0, 0.001, 0.001, 0, 0, 0, 0, 0.001
Acti4, 0, 0, 0.003, 0.004, 0, 0, 0, 0, 0.003
Acti40, 1, 0, 0.001, 0.033, 1, 0, 1, 0.891, 0.11
Acti41, 0, 0, 0.003, 0.004, 0, 0, 0, 0, 0.003
Acti42, 0, 0, 0.001, 0, 0, 0, 0, 0, 0
Acti43, 0, 0, 0.001, 0.001, 0, 0, 0, 0, 0.001
Acti44, 0, 0, 0.001, 0.001, 0, 0, 0, 0, 0.001
Acti45, 0, 0, 0.002, 0.003, 0, 0, 0, 0, 0.002
Acti46, 0, 0, 0.003, 0.003, 0, 0, 0, 0, 0.003
Acti47, 0, 0, 0.002, 0.002, 0, 0, 0, 0, 0.002
Acti49, 0, 0, 0.005, 0.003, 0, 0, 0, 0, 0.001
Acti50, 0, 0, 0.002, 0.003, 0, 0, 0, 0, 0.002
Acti51, 0, 0, 0.003, 0.003, 0, 0, 0, 0, 0.003
Acti52, 0, 0, 0.001, 0.001, 0, 0, 0, 0, 0.001
Acti6, 0, 0, 0.001, 0.001, 0, 0, 0, 0, 0
Acti7, 0, 0, 0.002, 0.002, 0, 0, 0, 0, 0.001
Acti9, 0, 0, 0.002, 0.003, 0, 0, 0, 0, 0.002
Aero1, 0, 0, 0.001, 0.001, 0, 0, 0, 0, 0.001
Aqui1, 0, 0, 0.004, 0.004, 0, 0, 0, 0, 0.004
Aqui2, 0, 0, 0.001, 0.001, 0, 0, 0, 0, 0.001
Aqui3, 0, 0, 0.004, 0.005, 0, 0, 0, 0, 0.004
Aqui4, 0, 0, 0.001, 0.001, 0, 0, 0, 0, 0.001
Aqui5, 0, 0, 0.003, 0.002, 0, 0, 0, 0, 0.001
Aqui6, 0, 0, 0.003, 0.004, 0, 0, 0, 0, 0.003
Arma11, 0, 0, 0.004, 0.005, 0, 0, 0, 0, 0.003
Arma12, 0, 0, 0.001, 0.002, 0, 0, 0, 0, 0.001
Arma13, 0, 0, 0.001, 0.001, 0, 0, 0, 0, 0.001
Arma16, 0, 0, 0.002, 0.002, 0, 0, 0, 0, 0.002
Arma3, 0, 0, 0.001, 0.001, 0, 0, 0, 0, 0.001
Arma4, 0, 0, 0.001, 0.002, 0, 0, 0, 0, 0.001
Arma6, 0, 0, 0.002, 0.002, 0, 0, 0, 0, 0.002
Arma7, 0, 0, 0.001, 0.003, 0, 0, 0, 0, 0.001
Arma9, 0, 0, 0.003, 0.002, 0, 0, 0, 0, 0.001
Aure1, 0, 0, 0.002, 0.002, 0, 0, 0, 0, 0.002
B130X1, 0, 0, 0.005, 0.007, 0, 0, 0, 0, 0.005
Bact1, 0, 0, 0.003, 0.002, 0, 0, 0, 0, 0.001
Bact10, 0, 0, 0.001, 0.001, 0, 0, 0, 0, 0
Bact11, 0, 0, 0.003, 0.003, 0, 0, 0, 0, 0.001
Bact12, 0, 0, 0.004, 0.007, 0, 0, 0, 0, 0.003
Bact13, 0, 0, 0.003, 0.002, 0, 0, 0, 0, 0.002
Bact14, 0, 0, 0.003, 0.003, 0, 0, 0, 0, 0.002
Bact16, 0, 0, 0.002, 0.001, 0, 0, 0, 0, 0.001
Bact17, 0, 0, 0.002, 0.002, 0, 0, 0, 0, 0.002
Bact18, 0, 0, 0.003, 0.004, 0, 0, 0, 0, 0.002
Bact19, 0, 0, 0.034, 0.009, 0, 0, 0, 0, 0.002
Bact2, 0, 0, 0.009, 0.01, 0, 0, 0, 0, 0.008
Bact20, 0, 0, 0.002, 0.002, 0, 0, 0, 0, 0.001
Bact21, 0, 0, 0.171, 0.056, 0, 0, 0, 0, 0.002
Bact22, 0, 0, 0.001, 0.001, 0, 0, 0, 0, 0.001
Bact23, 0, 0, 0.002, 0.003, 0, 0, 0, 0, 0.002
Bact24, 0, 0, 0.002, 0.003, 0, 0, 0, 0, 0.002
Bact25, 0, 0, 0.003, 0.004, 0, 0, 0, 0, 0.002
Bact27, 1, 0, 0.003, 0.658, 1, 0, 1, 0.989, 0.012
Bact28, 0, 0, 0.001, 0.001, 0, 0, 0, 0, 0.001
Bact29, 1, 0, 0.005, 0.027, 1, 0, 1, 0.997, 0.004
Bact3, 0, 0, 0.002, 0.001, 0, 0, 0, 0, 0.001
Bact30, 0, 0, 0.002, 0.004, 0, 0, 0, 0, 0.001
Bact31, 0, 0, 0.002, 0.003, 0, 0, 0, 0, 0
Bact32, 0, 0, 0.001, 0, 0, 0, 0, 0, 0
Bact33, 0, 0, 0.002, 0.001, 0, 0, 0, 0, 0
Bact35, 0, 0, 0.221, 0.055, 0, 0, 0, 0, 0.002
Bact36, 0, 0, 0.007, 0.003, 0, 0, 0, 0, 0.002
Bact37, 0, 0, 0.001, 0.001, 0, 0, 0, 0, 0.001
Bact38, 0, 0, 0.004, 0.003, 0, 0, 0, 0, 0.002
Bact39, 0, 0, 0.005, 0.005, 0, 0, 0, 0, 0.003
Bact4, 0, 0, 0.001, 0, 0, 0, 0, 0, 0
Bact40, 1, 0, 0.002, 0.004, 1, 0, 1, 1, 0
Bact41, 1, 0, 0.002, 0, 1, 0, 1, 1, 0
Bact43, 0, 0, 0.008, 0.008, 0, 0, 0, 0, 0.003
Bact44, 0, 0, 0.026, 0.003, 0, 0, 0, 0, 0.001
Bact5, 0, 0, 0.001, 0.002, 0, 0, 0, 0, 0
Bact6, 0, 0, 0.003, 0.002, 0, 0, 0, 0, 0.002
Bact7, 0, 0, 0.003, 0.004, 0, 0, 0, 0, 0.002
Bact8, 0, 0, 0.001, 0, 0, 0, 0, 0, 0
Bact9, 1, 0, 0.004, 0.028, 1, 0, 1, 0.998, 0.003
Bdell10, 0, 0, 0.001, 0.001, 0, 0, 0, 0, 0.001
Bdell12, 0, 0, 0.004, 0.006, 0, 0, 0, 0, 0.003
Bdell14, 0, 0, 0.003, 0.002, 0, 0, 0, 0, 0.002
Bdell15, 0, 0, 0.003, 0.003, 0, 0, 0, 0, 0.003
Bdell17, 0, 0, 0.001, 0.001, 0, 0, 0, 0, 0.001
Bdell2, 0, 0, 0.004, 0.004, 0, 0, 0, 0, 0.004
Bdell3, 0, 0, 0.003, 0.002, 0, 0, 0, 0, 0.002
Bdell4, 0, 0, 0.002, 0.002, 0, 0, 0, 0, 0.001
Bdell5, 0, 0, 0.002, 0.001, 0, 0, 0, 0, 0.001
Bdell6, 0, 0, 0.002, 0.003, 0, 0, 0, 0, 0.002
Bdell7, 0, 0, 0.004, 0.004, 0, 0, 0, 0, 0.003
Bdell9, 0, 0, 0.001, 0.001, 0, 0, 0, 0, 0.001
BdellC1, 0, 0, 0.003, 0.003, 0, 0, 0, 0, 0.003
BdellC2, 0, 0, 0.003, 0.003, 0, 0, 0, 0, 0.003
Bipo1, 0, 0, 0.004, 0.005, 0, 0, 0, 0, 0.004
Bipo2, 0, 0, 0.003, 0.004, 0, 0, 0, 0, 0.003
CG267X1, 0, 0, 0.004, 0.007, 0, 0, 0, 0, 0.004
CG294X1, 0, 0, 0.001, 0.001, 0, 0, 0, 0, 0.001
CSP1X1, 0, 0, 0.001, 0.001, 0, 0, 0, 0, 0.001
Calda2, 0, 0, 0.003, 0.003, 0, 0, 0, 0, 0.003
Caldit1, 0, 0, 0.005, 0.008, 0, 0, 0, 0, 0.005
Caldit3, 0, 0, 0.002, 0.002, 0, 0, 0, 0, 0.002
Camp1, 0, 0, 0.004, 0.002, 0, 0, 0, 0, 0.001
Camp10, 0, 0, 0.001, 0.001, 0, 0, 0, 0, 0.001
Camp11, 0, 0, 0.003, 0.005, 0, 0, 0, 0, 0.003
Camp12, 0, 0, 0.001, 0.001, 0, 0, 0, 0, 0.001
Camp13, 0, 0, 0.001, 0.001, 0, 0, 0, 0, 0
Camp14, 0, 0, 0.002, 0.003, 0, 0, 0, 0, 0.002
Camp15, 0, 0, 0.003, 0.004, 0, 0, 0, 0, 0.003
Camp16, 0, 0, 0.001, 0, 0, 0, 0, 0, 0
Camp2, 0, 0, 0.002, 0.001, 0, 0, 0, 0, 0.001
Camp3, 0, 0, 0.004, 0.006, 0, 0, 0, 0, 0.001
Camp4, 0, 0, 0.003, 0.003, 0, 0, 0, 0, 0.002
Camp5, 0, 0, 0.003, 0.004, 0, 0, 0, 0, 0.003
Camp6, 0, 0, 0.001, 0.001, 0, 0, 0, 0, 0
Camp7, 0, 0, 0.001, 0.001, 0, 0, 0, 0, 0.001
Camp9, 0, 0, 0.002, 0.001, 0, 0, 0, 0, 0.001
Chlo10, 0, 0, 0.002, 0.002, 0, 0, 0, 0, 0
Chlo11, 0, 0, 0.005, 0.006, 0, 0, 0, 0, 0.004
Chlo12, 0, 0, 0.001, 0.001, 0, 0, 0, 0, 0.001
Chlo13, 0, 0, 0.002, 0.001, 0, 0, 0, 0, 0.001
Chlo14, 0, 0, 0.004, 0.003, 0, 0, 0, 0, 0.002
Chlo15, 0, 0, 0.003, 0.003, 0, 0, 0, 0, 0.003
Chlo16, 0, 0, 0.001, 0.001, 0, 0, 0, 0, 0.001
Chlo17, 0, 0, 0.004, 0.006, 0, 0, 0, 0, 0.004
Chlo18, 0, 0, 0.002, 0.004, 0, 0, 0, 0, 0.002
Chlo19, 0, 0, 0.002, 0.003, 0, 0, 0, 0, 0.002
Chlo20, 0, 0, 0.004, 0.003, 0, 0, 0, 0, 0.003
Chlo21, 0, 0, 0.004, 0.005, 0, 0, 0, 0, 0.004
Chlo22, 0, 0, 0.002, 0.002, 0, 0, 0, 0, 0.002
Chlo24, 0, 0, 0.002, 0.002, 0, 0, 0, 0, 0.002
Chlo25, 0, 0, 0.001, 0.001, 0, 0, 0, 0, 0.001
Chlo26, 0, 0, 0.005, 0.007, 0, 0, 0, 0, 0.004
Chlo28, 0, 0, 0.002, 0.001, 0, 0, 0, 0, 0.001
Chlo29, 0, 0, 0.003, 0.003, 0, 0, 0, 0, 0.003
Chlo30, 0, 0, 0.003, 0.003, 0, 0, 0, 0, 0.003
Chlo33, 0, 0, 0.002, 0.002, 0, 0, 0, 0, 0.001
Chlo34, 0, 0, 0.002, 0.002, 0, 0, 0, 0, 0.002
Chlo35, 0, 0, 0.005, 0.006, 0, 0, 0, 0, 0.005
Chlo36, 0, 0, 0.001, 0.002, 0, 0, 0, 0, 0.001
Chlo38, 0, 0, 0.001, 0.001, 0, 0, 0, 0, 0.001
Chlo39, 0, 0, 0.003, 0.004, 0, 0, 0, 0, 0.002
Chlo4, 0, 0, 0.002, 0.003, 0, 0, 0, 0, 0.002
Chlo41, 0, 0, 0.002, 0.001, 0, 0, 0, 0, 0.001
Chlo43, 0, 0, 0.001, 0.001, 0, 0, 0, 0, 0.001
Chlo44, 0, 0, 0.001, 0.001, 0, 0, 0, 0, 0.001
Chlo45, 0, 0, 0.002, 0.003, 0, 0, 0, 0, 0.002
Chlo46, 0, 0, 0.001, 0.001, 0, 0, 0, 0, 0.001
Chlo47, 0, 0, 0.005, 0.006, 0, 0, 0, 0, 0.003
Chlo48, 0, 0, 0.002, 0, 0, 0, 0, 0, 0
Chlo6, 0, 0, 0.002, 0.002, 0, 0, 0, 0, 0.002
Chlo7, 0, 0, 0.002, 0.002, 0, 0, 0, 0, 0.002
Chlo8, 0, 0, 0.003, 0.004, 0, 0, 0, 0, 0.003
Chlo9, 0, 0, 0.001, 0.001, 0, 0, 0, 0, 0.001
Chry1, 0, 0, 0.001, 0.001, 0, 0, 0, 0, 0.001
Cloa1, 0, 0, 0.002, 0.002, 0, 0, 0, 0, 0.002
Cyan1, 0, 0, 0.002, 0.002, 0, 0, 0, 0, 0.002
Cyan10, 0, 0, 0.002, 0.003, 0, 0, 0, 0, 0.002
Cyan11, 0, 0, 0.001, 0.002, 0, 0, 0, 0, 0.001
Cyan12, 0, 0, 0.001, 0, 0, 0, 0, 0, 0
Cyan13, 0, 0, 0.001, 0.001, 0, 0, 0, 0, 0.001
Cyan14, 0, 0, 0.002, 0.002, 0, 0, 0, 0, 0.001
Cyan15, 0, 0, 0.001, 0.002, 0, 0, 0, 0, 0
Cyan18, 0, 0, 0.003, 0.003, 0, 0, 0, 0, 0.003
Cyan19, 0, 0, 0.001, 0.001, 0, 0, 0, 0, 0.001
Cyan2, 0, 0, 0.002, 0.003, 0, 0, 0, 0, 0.002
Cyan20, 0, 0, 0.006, 0.006, 0, 0, 0, 0, 0.006
Cyan21, 0, 0, 0.001, 0.001, 0, 0, 0, 0, 0.001
Cyan22, 0, 0, 0.004, 0.005, 0, 0, 0, 0, 0.003
Cyan23, 0, 0, 0.002, 0.002, 0, 0, 0, 0, 0.002
Cyan24, 0, 0, 0.002, 0.005, 0, 0, 0, 0, 0.002
Cyan25, 0, 0, 0.001, 0.001, 0, 0, 0, 0, 0.001
Cyan26, 0, 0, 0.001, 0.001, 0, 0, 0, 0, 0.001
Cyan28, 0, 0, 0.002, 0.003, 0, 0, 0, 0, 0.002
Cyan29, 0, 0, 0.003, 0.005, 0, 0, 0, 0, 0.003
Cyan3, 0, 0, 0.001, 0.001, 0, 0, 0, 0, 0.001
Cyan30, 0, 0, 0.001, 0.001, 0, 0, 0, 0, 0.001
Cyan31, 0, 0, 0.003, 0.003, 0, 0, 0, 0, 0.002
Cyan32, 0, 0, 0.002, 0.003, 0, 0, 0, 0, 0.002
Cyan33, 0, 0, 0.001, 0.001, 0, 0, 0, 0, 0.001
Cyan34, 0, 0, 0.003, 0.002, 0, 0, 0, 0, 0.002
Cyan35, 0, 0, 0.005, 0.006, 0, 0, 0, 0, 0.005
Cyan36, 0, 0, 0.002, 0.002, 0, 0, 0, 0, 0.002
Cyan37, 0, 0, 0.003, 0.004, 0, 0, 0, 0, 0.003
Cyan38, 0, 0, 0.003, 0.004, 0, 0, 0, 0, 0.003
Cyan4, 0, 0, 0.003, 0.003, 0, 0, 0, 0, 0.003
Cyan40, 0, 0, 0.001, 0.003, 0, 0, 0, 0, 0.001
Cyan42, 0, 0, 0.003, 0.003, 0, 0, 0, 0, 0.003
Cyan43, 0, 0, 0.001, 0.001, 0, 0, 0, 0, 0.001
Cyan44, 0, 0, 0.001, 0.001, 0, 0, 0, 0, 0.001
Cyan45, 0, 0, 0.004, 0.005, 0, 0, 0, 0, 0.004
Cyan46, 0, 0, 0.002, 0.002, 0, 0, 0, 0, 0.002
Cyan7, 0, 0, 0.001, 0.001, 0, 0, 0, 0, 0.001
Cyan8, 0, 0, 0.005, 0.004, 0, 0, 0, 0, 0.003
Cyan9, 0, 0, 0.001, 0.001, 0, 0, 0, 0, 0.001
DTU0X1, 0, 0, 0.002, 0.001, 0, 0, 0, 0, 0.001
Defe1, 0, 0, 0.002, 0.002, 0, 0, 0, 0, 0.001
Defe2, 0, 0, 0.003, 0.004, 0, 0, 0, 0, 0.002
Defe3, 0, 0, 0.001, 0.001, 0, 0, 0, 0, 0
Dein2, 0, 0, 0.003, 0.002, 0, 0, 0, 0, 0.002
Dein3, 0, 0, 0.003, 0.002, 0, 0, 0, 0, 0.001
Dein4, 0, 0, 0.001, 0.001, 0, 0, 0, 0, 0.001
Dein7, 0, 0, 0.003, 0.002, 0, 0, 0, 0, 0.001
Desa1, 0, 0, 0.002, 0.002, 0, 0, 0, 0, 0.002
DesuB1, 0, 0, 0.002, 0.001, 0, 0, 0, 0, 0.001
DesuB2, 0, 0, 0.003, 0.003, 0, 0, 0, 0, 0.002
DesuB3, 0, 0, 0.002, 0.002, 0, 0, 0, 0, 0.002
DesuB4, 0, 0, 0.001, 0.001, 0, 0, 0, 0, 0.001
DesuC1, 0, 0, 0.001, 0.001, 0, 0, 0, 0, 0.001
DesuC2, 0, 0, 0.005, 0.006, 0, 0, 0, 0, 0.005
DesuD2, 0, 0, 0.001, 0.002, 0, 0, 0, 0, 0.001
Desua1, 0, 0, 0.002, 0.004, 0, 0, 0, 0, 0.002
Desua10, 0, 0, 0.003, 0.003, 0, 0, 0, 0, 0.001
Desua11, 0, 0, 0.002, 0.005, 0, 0, 0, 0, 0.002
Desua12, 0, 0, 0.002, 0.003, 0, 0, 0, 0, 0.002
Desua13, 0, 0, 0.002, 0.002, 0, 0, 0, 0, 0.002
Desua14, 0, 0, 0.002, 0.002, 0, 0, 0, 0, 0.002
Desua15, 0, 0, 0.003, 0.003, 0, 0, 0, 0, 0.003
Desua16, 0, 0, 0.001, 0.002, 0, 0, 0, 0, 0.001
Desua17, 0, 0, 0.001, 0.003, 0, 0, 0, 0, 0.001
Desua18, 0, 0, 0.003, 0.003, 0, 0, 0, 0, 0.003
Desua19, 0, 0, 0.002, 0.002, 0, 0, 0, 0, 0.001
Desua2, 0, 0, 0.003, 0.002, 0, 0, 0, 0, 0.001
Desua20, 0, 0, 0.004, 0.004, 0, 0, 0, 0, 0.003
Desua21, 0, 0, 0.003, 0.004, 0, 0, 0, 0, 0.002
Desua22, 0, 0, 0.004, 0.003, 0, 0, 0, 0, 0.003
Desua23, 0, 0, 0.003, 0.004, 0, 0, 0, 0, 0.002
Desua24, 0, 0, 0.001, 0.001, 0, 0, 0, 0, 0.001
Desua25, 0, 0, 0.001, 0.001, 0, 0, 0, 0, 0.001
Desua26, 0, 0, 0.003, 0.003, 0, 0, 0, 0, 0.003
Desua28, 0, 0, 0.003, 0.002, 0, 0, 0, 0, 0.001
Desua3, 0, 0, 0.002, 0.003, 0, 0, 0, 0, 0.002
Desua30, 0, 0, 0.002, 0.002, 0, 0, 0, 0, 0.002
Desua32, 0, 0, 0.003, 0.003, 0, 0, 0, 0, 0.003
Desua33, 0, 0, 0.001, 0, 0, 0, 0, 0, 0
Desua34, 0, 0, 0.001, 0.001, 0, 0, 0, 0, 0.001
Desua35, 0, 0, 0.002, 0.001, 0, 0, 0, 0, 0
Desua36, 0, 0, 0.002, 0.001, 0, 0, 0, 0, 0
Desua37, 0, 0, 0.004, 0.004, 0, 0, 0, 0, 0.004
Desua38, 0, 0, 0.007, 0.008, 0, 0, 0, 0, 0.005
Desua39, 0, 0, 0.002, 0.002, 0, 0, 0, 0, 0.002
Desua4, 0, 0, 0.004, 0.006, 0, 0, 0, 0, 0.004
Desua40, 0, 0, 0.004, 0.005, 0, 0, 0, 0, 0.004
Desua41, 0, 0, 0.001, 0.001, 0, 0, 0, 0, 0.001
Desua42, 0, 0, 0.001, 0.002, 0, 0, 0, 0, 0
Desua43, 0, 0, 0.003, 0.003, 0, 0, 0, 0, 0.002
Desua44, 0, 0, 0.002, 0.001, 0, 0, 0, 0, 0.001
Desua45, 0, 0, 0.004, 0.005, 0, 0, 0, 0, 0.004
Desua46, 0, 0, 0.003, 0.003, 0, 0, 0, 0, 0.003
Desua48, 0, 0, 0.001, 0.001, 0, 0, 0, 0, 0
Desua49, 0, 0, 0.001, 0.001, 0, 0, 0, 0, 0
Desua50, 0, 0, 0.004, 0.004, 0, 0, 0, 0, 0.003
Desua51, 0, 0, 0.001, 0, 0, 0, 0, 0, 0
Desua52, 0, 0, 0.001, 0, 0, 0, 0, 0, 0
Desua53, 0, 0, 0.001, 0.001, 0, 0, 0, 0, 0
Desua54, 0, 0, 0.004, 0.005, 0, 0, 0, 0, 0.003
Desua7, 0, 0, 0.001, 0.001, 0, 0, 0, 0, 0.001
Desua8, 0, 0, 0.003, 0.003, 0, 0, 0, 0, 0.001
Dict1, 0, 0, 0.001, 0.001, 0, 0, 0, 0, 0.001
Dorm1, 0, 0, 0.004, 0.004, 0, 0, 0, 0, 0.003
Dorm2, 0, 0, 0.001, 0.001, 0, 0, 0, 0, 0
Dorm4, 0, 0, 0.006, 0.004, 0, 0, 0, 0, 0.002
Dorm5, 0, 0, 0.004, 0.004, 0, 0, 0, 0, 0
Edwa1, 0, 0, 0.003, 0.003, 0, 0, 0, 0, 0.003
Eise1, 0, 0, 0.004, 0.002, 0, 0, 0, 0, 0.001
Eise2, 0, 0, 0.004, 0.003, 0, 0, 0, 0, 0.001
Eise3, 0, 0, 0.004, 0.003, 0, 0, 0, 0, 0.002
Eise4, 0, 0, 0.003, 0.005, 0, 0, 0, 0, 0.001
Elus1, 0, 0, 0.001, 0.001, 0, 0, 0, 0, 0.001
Elus10, 0, 0, 0.002, 0.003, 0, 0, 0, 0, 0.002
Elus4, 0, 0, 0.002, 0.002, 0, 0, 0, 0, 0.002
Elus5, 0, 0, 0.002, 0.002, 0, 0, 0, 0, 0.002
Elus6, 0, 0, 0.001, 0, 0, 0, 0, 0, 0
Elus7, 0, 0, 0.002, 0.002, 0, 0, 0, 0, 0.002
Elus8, 0, 0, 0.001, 0.001, 0, 0, 0, 0, 0
Erem2, 0, 0, 0.002, 0.002, 0, 0, 0, 0, 0.002
Erem3, 0, 0, 0.003, 0.003, 0, 0, 0, 0, 0.003
Erem4, 0, 0, 0.003, 0.003, 0, 0, 0, 0, 0.002
Erem5, 0, 0, 0.001, 0, 0, 0, 0, 0, 0
Erem6, 0, 0, 0.001, 0, 0, 0, 0, 0, 0
FCPU1, 0, 0, 0.003, 0.004, 0, 0, 0, 0, 0.002
FCPU2, 0, 0, 0.002, 0.002, 0, 0, 0, 0, 0.001
Ferm1, 0, 0, 0.004, 0.006, 0, 0, 0, 0, 0.004
Fibr1, 0, 0, 0.003, 0.003, 0, 0, 0, 0, 0.002
Fibr2, 0, 0, 0.004, 0.004, 0, 0, 0, 0, 0.004
Fibr3, 0, 0, 0.002, 0.004, 0, 0, 0, 0, 0.002
Fibr4, 0, 0, 0.002, 0.002, 0, 0, 0, 0, 0.002
Fibr5, 0, 0, 0.004, 0.003, 0, 0, 0, 0, 0.003
Fibr6, 0, 0, 0.003, 0.004, 0, 0, 0, 0, 0.003
Fire1, 0, 0, 0.001, 0.001, 0, 0, 0, 0, 0.001
FirmA1, 0, 0, 0.002, 0.002, 0, 0, 0, 0, 0.002
FirmA10, 0, 0, 0.001, 0.001, 0, 0, 0, 0, 0.001
FirmA100, 0, 0, 0.003, 0.002, 0, 0, 0, 0, 0.002
FirmA101, 0, 0, 0.002, 0.003, 0, 0, 0, 0, 0.002
FirmA102, 0, 0, 0.002, 0.002, 0, 0, 0, 0, 0.001
FirmA104, 0, 0, 0.003, 0.004, 0, 0, 0, 0, 0.003
FirmA105, 0, 0, 0.003, 0.003, 0, 0, 0, 0, 0
FirmA107, 0, 0, 0.003, 0.003, 0, 0, 0, 0, 0.003
FirmA109, 0, 0, 0.002, 0.002, 0, 0, 0, 0, 0.002
FirmA11, 0, 0, 0.002, 0.004, 0, 0, 0, 0, 0.002
FirmA110, 0, 0, 0.002, 0.001, 0, 0, 0, 0, 0.001
FirmA112, 0, 0, 0.002, 0.003, 0, 0, 0, 0, 0.001
FirmA113, 0, 0, 0.003, 0.004, 0, 0, 0, 0, 0.003
FirmA114, 0, 0, 0.002, 0.002, 0, 0, 0, 0, 0.002
FirmA12, 0, 0, 0.001, 0.001, 0, 0, 0, 0, 0
FirmA14, 0, 0, 0.004, 0.004, 0, 0, 0, 0, 0.004
FirmA16, 0, 0, 0.003, 0.004, 0, 0, 0, 0, 0.003
FirmA18, 0, 0, 0.001, 0.001, 0, 0, 0, 0, 0.001
FirmA19, 0, 0, 0.001, 0.003, 0, 0, 0, 0, 0.001
FirmA2, 0, 0, 0.004, 0.004, 0, 0, 0, 0, 0.004
FirmA20, 0, 0, 0.004, 0.005, 0, 0, 0, 0, 0.003
FirmA21, 0, 0, 0.005, 0.008, 0, 0, 0, 0, 0.005
FirmA24, 0, 0, 0.002, 0.001, 0, 0, 0, 0, 0.001
FirmA25, 0, 0, 0.001, 0.002, 0, 0, 0, 0, 0.001
FirmA26, 0, 0, 0.001, 0.001, 0, 0, 0, 0, 0
FirmA27, 0, 0, 0.003, 0.003, 0, 0, 0, 0, 0.002
FirmA28, 0, 0, 0.001, 0.002, 0, 0, 0, 0, 0.001
FirmA29, 0, 0, 0.001, 0.001, 0, 0, 0, 0, 0
FirmA30, 0, 0, 0.003, 0.002, 0, 0, 0, 0, 0.002
FirmA32, 0, 0, 0.001, 0.001, 0, 0, 0, 0, 0
FirmA33, 0, 0, 0.003, 0.003, 0, 0, 0, 0, 0.001
FirmA34, 0, 0, 0.003, 0.005, 0, 0, 0, 0, 0.003
FirmA36, 0, 0, 0.005, 0.006, 0, 0, 0, 0, 0.005
FirmA38, 0, 0, 0.006, 0.006, 0, 0, 0, 0, 0.005
FirmA39, 0, 0, 0.002, 0.003, 0, 0, 0, 0, 0.002
FirmA41, 0, 0, 0.001, 0, 0, 0, 0, 0, 0
FirmA42, 0, 0, 0.002, 0.005, 0, 0, 0, 0, 0.002
FirmA43, 0, 0, 0.001, 0.001, 0, 0, 0, 0, 0.001
FirmA44, 0, 0, 0.001, 0.002, 0, 0, 0, 0, 0.001
FirmA45, 0, 0, 0.001, 0.001, 0, 0, 0, 0, 0.001
FirmA46, 0, 0, 0.003, 0.003, 0, 0, 0, 0, 0.003
FirmA47, 0, 0, 0.006, 0.006, 0, 0, 0, 0, 0.006
FirmA48, 0, 0, 0.001, 0.001, 0, 0, 0, 0, 0.001
FirmA49, 0, 0, 0.002, 0.002, 0, 0, 0, 0, 0.001
FirmA5, 0, 0, 0.001, 0.001, 0, 0, 0, 0, 0.001
FirmA50, 0, 0, 0.002, 0.002, 0, 0, 0, 0, 0.002
FirmA51, 0, 0, 0.003, 0.003, 0, 0, 0, 0, 0.002
FirmA53, 0, 0, 0.002, 0.002, 0, 0, 0, 0, 0.002
FirmA54, 0, 0, 0.002, 0.003, 0, 0, 0, 0, 0.002
FirmA55, 0, 0, 0.001, 0.001, 0, 0, 0, 0, 0.001
FirmA56, 0, 0, 0.002, 0.005, 0, 0, 0, 0, 0.002
FirmA58, 0, 0, 0.002, 0.001, 0, 0, 0, 0, 0.001
FirmA59, 0, 0, 0.001, 0.002, 0, 0, 0, 0, 0.001
FirmA6, 0, 0, 0.002, 0.002, 0, 0, 0, 0, 0.002
FirmA60, 0, 0, 0.002, 0.002, 0, 0, 0, 0, 0.002
FirmA62, 0, 0, 0.005, 0.006, 0, 0, 0, 0, 0.005
FirmA63, 0, 0, 0.002, 0.002, 0, 0, 0, 0, 0.001
FirmA64, 0, 0, 0.002, 0.001, 0, 0, 0, 0, 0
FirmA65, 0, 0, 0.003, 0.003, 0, 0, 0, 0, 0.003
FirmA67, 0, 0, 0.003, 0.003, 0, 0, 0, 0, 0.003
FirmA69, 0, 0, 0.003, 0.006, 0, 0, 0, 0, 0.003
FirmA7, 0, 0, 0.002, 0.002, 0, 0, 0, 0, 0.001
FirmA70, 0, 0, 0.003, 0.003, 0, 0, 0, 0, 0.003
FirmA71, 0, 0, 0.003, 0.004, 0, 0, 0, 0, 0.002
FirmA72, 0, 0, 0.005, 0.007, 0, 0, 0, 0, 0.004
FirmA73, 0, 0, 0.002, 0.001, 0, 0, 0, 0, 0.001
FirmA74, 0, 0, 0.001, 0.001, 0, 0, 0, 0, 0.001
FirmA76, 0, 0, 0.003, 0.003, 0, 0, 0, 0, 0.002
FirmA77, 0, 0, 0.001, 0.001, 0, 0, 0, 0, 0.001
FirmA78, 0, 0, 0.004, 0.004, 0, 0, 0, 0, 0.004
FirmA79, 0, 0, 0.003, 0.003, 0, 0, 0, 0, 0.003
FirmA8, 0, 0, 0.006, 0.006, 0, 0, 0, 0, 0.005
FirmA80, 0, 0, 0.003, 0.003, 0, 0, 0, 0, 0.003
FirmA81, 0, 0, 0.002, 0.002, 0, 0, 0, 0, 0.002
FirmA83, 0, 0, 0.004, 0.005, 0, 0, 0, 0, 0.003
FirmA84, 0, 0, 0.002, 0.003, 0, 0, 0, 0, 0.001
FirmA85, 0, 0, 0.003, 0.003, 0, 0, 0, 0, 0.002
FirmA86, 0, 0, 0.001, 0.001, 0, 0, 0, 0, 0
FirmA87, 0, 0, 0.001, 0.001, 0, 0, 0, 0, 0.001
FirmA88, 0, 0, 0.002, 0.002, 0, 0, 0, 0, 0.002
FirmA89, 0, 0, 0.001, 0.001, 0, 0, 0, 0, 0
FirmA9, 0, 0, 0.003, 0.003, 0, 0, 0, 0, 0.002
FirmA90, 0, 0, 0.004, 0.005, 0, 0, 0, 0, 0.003
FirmA91, 0, 0, 0.001, 0.001, 0, 0, 0, 0, 0.001
FirmA92, 0, 0, 0.001, 0.001, 0, 0, 0, 0, 0.001
FirmA93, 0, 0, 0.002, 0.001, 0, 0, 0, 0, 0.001
FirmA94, 0, 0, 0.004, 0.009, 0, 0, 0, 0, 0.004
FirmA95, 0, 0, 0.003, 0.004, 0, 0, 0, 0, 0.003
FirmA96, 0, 0, 0.001, 0.003, 0, 0, 0, 0, 0.001
FirmA98, 0, 0, 0.002, 0.003, 0, 0, 0, 0, 0.002
FirmB1, 0, 0, 0.002, 0.002, 0, 0, 0, 0, 0.002
FirmB10, 0, 0, 0.003, 0.002, 0, 0, 0, 0, 0.002
FirmB11, 0, 0, 0.001, 0.001, 0, 0, 0, 0, 0.001
FirmB12, 0, 0, 0.002, 0.002, 0, 0, 0, 0, 0.002
FirmB13, 0, 0, 0.001, 0.001, 0, 0, 0, 0, 0.001
FirmB14, 0, 0, 0.001, 0, 0, 0, 0, 0, 0
FirmB15, 0, 0, 0.001, 0, 0, 0, 0, 0, 0
FirmB16, 0, 0, 0.002, 0.002, 0, 0, 0, 0, 0.002
FirmB17, 0, 0, 0.003, 0.005, 0, 0, 0, 0, 0.002
FirmB2, 0, 0, 0.001, 0.002, 0, 0, 0, 0, 0.001
FirmB3, 0, 0, 0.001, 0.002, 0, 0, 0, 0, 0
FirmB4, 0, 0, 0.001, 0.001, 0, 0, 0, 0, 0.001
FirmB5, 0, 0, 0.002, 0.002, 0, 0, 0, 0, 0.001
FirmB6, 0, 0, 0.001, 0.001, 0, 0, 0, 0, 0.001
FirmB7, 0, 0, 0.001, 0.001, 0, 0, 0, 0, 0.001
FirmB8, 0, 0, 0.004, 0.003, 0, 0, 0, 0, 0.003
FirmB9, 0, 0, 0.001, 0.001, 0, 0, 0, 0, 0
FirmC1, 0, 0, 0.001, 0.001, 0, 0, 0, 0, 0.001
FirmC10, 0, 0, 0.001, 0.001, 0, 0, 0, 0, 0.001
FirmC11, 0, 0, 0.004, 0.005, 0, 0, 0, 0, 0.004
FirmC13, 0, 0, 0.003, 0.004, 0, 0, 0, 0, 0.002
FirmC14, 0, 0, 0.001, 0.001, 0, 0, 0, 0, 0.001
FirmC16, 0, 0, 0.001, 0.002, 0, 0, 0, 0, 0.001
FirmC17, 0, 0, 0.003, 0.005, 0, 0, 0, 0, 0.002
FirmC18, 0, 0, 0.001, 0, 0, 0, 0, 0, 0
FirmC19, 0, 0, 0.004, 0.004, 0, 0, 0, 0, 0.002
FirmC5, 0, 0, 0.001, 0.001, 0, 0, 0, 0, 0.001
FirmC7, 0, 0, 0.002, 0.001, 0, 0, 0, 0, 0.001
FirmC8, 0, 0, 0.002, 0.001, 0, 0, 0, 0, 0.001
FirmC9, 0, 0, 0.002, 0.001, 0, 0, 0, 0, 0.001
FirmD1, 0, 0, 0.004, 0.004, 0, 0, 0, 0, 0.003
FirmD2, 0, 0, 0.001, 0.001, 0, 0, 0, 0, 0.001
FirmD3, 0, 0, 0.004, 0.005, 0, 0, 0, 0, 0.004
FirmD4, 0, 0, 0.001, 0.001, 0, 0, 0, 0, 0.001
FirmE1, 0, 0, 0.002, 0.003, 0, 0, 0, 0, 0.002
FirmE2, 0, 0, 0.003, 0.005, 0, 0, 0, 0, 0.003
FirmE3, 0, 0, 0.003, 0.004, 0, 0, 0, 0, 0.003
FirmE4, 0, 0, 0.005, 0.004, 0, 0, 0, 0, 0.004
FirmE5, 0, 0, 0.003, 0.005, 0, 0, 0, 0, 0.003
FirmE6, 0, 0, 0.004, 0.005, 0, 0, 0, 0, 0.003
FirmE7, 0, 0, 0.004, 0.003, 0, 0, 0, 0, 0.002
FirmE8, 0, 0, 0.004, 0.005, 0, 0, 0, 0, 0.002
FirmF1, 0, 0, 0.004, 0.004, 0, 0, 0, 0, 0.004
FirmF2, 0, 0, 0.001, 0.001, 0, 0, 0, 0, 0
FirmF3, 0, 0, 0.004, 0.004, 0, 0, 0, 0, 0.003
FirmG1, 0, 0, 0.001, 0.001, 0, 0, 0, 0, 0.001
FirmG2, 0, 0, 0.003, 0.003, 0, 0, 0, 0, 0.003
FirmG3, 0, 0, 0.002, 0.002, 0, 0, 0, 0, 0.002
FirmG4, 0, 0, 0.001, 0.001, 0, 0, 0, 0, 0.001
FirmG5, 0, 0, 0.003, 0.003, 0, 0, 0, 0, 0.003
FirmG6, 0, 0, 0.003, 0.003, 0, 0, 0, 0, 0.003
Firms1, 0, 0, 0.001, 0.001, 0, 0, 0, 0, 0.001
Firms10, 0, 0, 0.004, 0.007, 0, 0, 0, 0, 0.004
Firms11, 0, 0, 0.083, 0.011, 0, 0, 0, 0, 0.003
Firms12, 0, 0, 0.003, 0.002, 0, 0, 0, 0, 0.002
Firms15, 0, 0, 0.001, 0.001, 0, 0, 0, 0, 0.001
Firms16, 0, 0, 0.005, 0.004, 0, 0, 0, 0, 0.004
Firms17, 1, 0, 0.004, 0.527, 1, 0, 1, 0.079, 0.924
Firms18, 0, 0, 0.003, 0.002, 0, 0, 0, 0, 0.001
Firms2, 0, 0, 0.006, 0.006, 0, 0, 0, 0, 0.006
Firms20, 0, 0, 0.005, 0.007, 0, 0, 0, 0, 0.004
Firms21, 0, 0, 0.006, 0.005, 0, 0, 0, 0, 0.005
Firms22, 0, 0, 0.004, 0.006, 0, 0, 0, 0, 0.004
Firms23, 0, 0, 0.002, 0.001, 0, 0, 0, 0, 0
Firms24, 0, 0, 0.002, 0.002, 0, 0, 0, 0, 0
Firms25, 0, 0, 0.003, 0.004, 0, 0, 0, 0, 0.003
Firms26, 0, 0, 0.003, 0.002, 0, 0, 0, 0, 0.001
Firms27, 0, 0, 0.001, 0.001, 0, 0, 0, 0, 0.001
Firms29, 0, 0, 0.001, 0.001, 0, 0, 0, 0, 0
Firms3, 0, 0, 0.009, 0.012, 0, 0, 0, 0, 0.009
Firms30, 0, 0, 0.002, 0.003, 0, 0, 0, 0, 0.002
Firms31, 0, 0, 0.008, 0.009, 0, 0, 0, 0, 0.008
Firms33, 0, 0, 0.003, 0.004, 0, 0, 0, 0, 0.002
Firms4, 1, 0, 0.001, 0.526, 1, 0, 1, 0.019, 0.982
Firms5, 0, 0, 0.004, 0.006, 0, 0, 0, 0, 0.004
Firms6, 0, 0, 0.002, 0.003, 0, 0, 0, 0, 0.002
Firms7, 0, 0, 0.003, 0.005, 0, 0, 0, 0, 0.002
Firms8, 0, 0, 0.011, 0.011, 0, 0, 0, 0, 0.006
Firms9, 0, 0, 0.001, 0.001, 0, 0, 0, 0, 0.001
Fuso2, 0, 0, 0.003, 0.005, 0, 0, 0, 0, 0.003
Gemm2, 0, 0, 0.003, 0.002, 0, 0, 0, 0, 0.002
Gemm3, 0, 0, 0.002, 0.001, 0, 0, 0, 0, 0.001
Gemm4, 0, 0, 0.001, 0.001, 0, 0, 0, 0, 0
Gemm5, 0, 0, 0.004, 0.004, 0, 0, 0, 0, 0.004
Gemm6, 0, 0, 0.002, 0.002, 0, 0, 0, 0, 0.001
Gemm7, 0, 0, 0.001, 0.001, 0, 0, 0, 0, 0.001
Gemm8, 0, 0, 0.002, 0.002, 0, 0, 0, 0, 0.002
Gemm9, 0, 0, 0.001, 0.001, 0, 0, 0, 0, 0.001
GemmA1, 0, 0, 0.001, 0.001, 0, 0, 0, 0, 0.001
Gold1, 0, 0, 0.002, 0.001, 0, 0, 0, 0, 0.001
Gold2, 0, 0, 0.001, 0.002, 0, 0, 0, 0, 0
Hydr1, 0, 0, 0.002, 0.003, 0, 0, 0, 0, 0.002
Hydr2, 0, 0, 0.002, 0.002, 0, 0, 0, 0, 0.002
J088X1, 0, 0, 0.004, 0.002, 0, 0, 0, 0, 0.002
KSB1X1, 0, 0, 0.003, 0.003, 0, 0, 0, 0, 0.003
KSB1X2, 0, 0, 0.006, 0.006, 0, 0, 0, 0, 0.006
KSB1X3, 0, 0, 0.001, 0.002, 0, 0, 0, 0, 0.001
KSB1X4, 0, 0, 0.002, 0.004, 0, 0, 0, 0, 0.002
Krum1, 0, 0, 0.001, 0.001, 0, 0, 0, 0, 0.001
Late1, 0, 0, 0.001, 0.001, 0, 0, 0, 0, 0.001
Late3, 0, 0, 0.002, 0.004, 0, 0, 0, 0, 0.002
Lind1, 0, 0, 0.003, 0.003, 0, 0, 0, 0, 0.003
Lind2, 0, 0, 0.002, 0.003, 0, 0, 0, 0, 0.002
Lind4, 0, 0, 0.002, 0.002, 0, 0, 0, 0, 0.002
Marg1, 0, 0, 0.002, 0.002, 0, 0, 0, 0, 0.002
Marg2, 0, 0, 0.002, 0.002, 0, 0, 0, 0, 0.002
Marg6, 0, 0, 0.001, 0.001, 0, 0, 0, 0, 0.001
Marg7, 0, 0, 0.003, 0.004, 0, 0, 0, 0, 0.003
Mari1, 0, 0, 0.003, 0.003, 0, 0, 0, 0, 0.001
Mari2, 0, 0, 0.002, 0.002, 0, 0, 0, 0, 0.002
Mari3, 0, 0, 0.003, 0.003, 0, 0, 0, 0, 0.003
Mari5, 0, 0, 0.006, 0.005, 0, 0, 0, 0, 0.005
Mari6, 0, 0, 0.002, 0.001, 0, 0, 0, 0, 0
Meth2, 0, 0, 0.003, 0.004, 0, 0, 0, 0, 0.003
Meth3, 0, 0, 0.001, 0.001, 0, 0, 0, 0, 0.001
Meth4, 0, 0, 0.003, 0.004, 0, 0, 0, 0, 0.003
Muir1, 0, 0, 0.001, 0.001, 0, 0, 0, 0, 0.001
MyxA1, 0, 0, 0.002, 0.003, 0, 0, 0, 0, 0.002
MyxA2, 0, 0, 0.002, 0.002, 0, 0, 0, 0, 0.001
MyxA3, 0, 0, 0.002, 0.002, 0, 0, 0, 0, 0.001
MyxA4, 0, 0, 0.004, 0.004, 0, 0, 0, 0, 0.003
Myxo1, 0, 0, 0.002, 0.002, 0, 0, 0, 0, 0.002
Myxo10, 0, 0, 0.076, 0.011, 0, 0, 0, 0, 0
Myxo11, 0, 0, 0.001, 0.001, 0, 0, 0, 0, 0.001
Myxo14, 0, 0, 0.002, 0.001, 0, 0, 0, 0, 0.001
Myxo15, 0, 0, 0.273, 0.053, 0, 0, 0, 0, 0.002
Myxo17, 0, 0, 0.002, 0.003, 0, 0, 0, 0, 0.002
Myxo18, 1, 0, 0.001, 0.274, 1, 0, 1, 0.27, 0.73
Myxo19, 0, 0, 0.001, 0.001, 0, 0, 0, 0, 0.001
Myxo2, 0, 0, 0.001, 0.001, 0, 0, 0, 0, 0.001
Myxo3, 0, 0, 0.002, 0.001, 0, 0, 0, 0, 0.001
Myxo5, 0, 0, 0.001, 0.001, 0, 0, 0, 0, 0.001
Myxo6, 0, 0, 0.003, 0.005, 0, 0, 0, 0, 0.002
Myxo7, 0, 0, 0.003, 0.002, 0, 0, 0, 0, 0.002
Myxo8, 0, 0, 0.004, 0.007, 0, 0, 0, 0, 0.003
Myxo9, 0, 0, 0.005, 0.004, 0, 0, 0, 0, 0.003
NPL1, 0, 0, 0.003, 0.003, 0, 0, 0, 0, 0.003
Nitr12, 0, 0, 0.007, 0.007, 0, 0, 0, 0, 0.005
Nitr13, 0, 0, 0.002, 0.002, 0, 0, 0, 0, 0.001
Nitr14, 0, 0, 0.003, 0.001, 0, 0, 0, 0, 0.001
Nitr15, 0, 0, 0.003, 0.003, 0, 0, 0, 0, 0.002
Nitr16, 0, 0, 0.003, 0.003, 0, 0, 0, 0, 0.003
Nitr17, 0, 0, 0.002, 0.002, 0, 0, 0, 0, 0.002
Nitr2, 0, 0, 0.002, 0.001, 0, 0, 0, 0, 0.001
Nitr3, 0, 0, 0.002, 0.001, 0, 0, 0, 0, 0.001
Nitr4, 0, 0, 0.001, 0.001, 0, 0, 0, 0, 0.001
Nitr6, 0, 0, 0.002, 0.002, 0, 0, 0, 0, 0.002
Nitr7, 0, 0, 0.003, 0.004, 0, 0, 0, 0, 0.002
Nitr8, 0, 0, 0.004, 0.003, 0, 0, 0, 0, 0.002
Nitr9, 0, 0, 0.004, 0.005, 0, 0, 0, 0, 0.003
Nits1, 0, 0, 0.001, 0.001, 0, 0, 0, 0, 0.001
Nits2, 0, 0, 0.006, 0.008, 0, 0, 0, 0, 0.005
Nits3, 0, 0, 0.002, 0.003, 0, 0, 0, 0, 0.002
Nits4, 0, 0, 0.004, 0.006, 0, 0, 0, 0, 0.003
NitsA1, 0, 0, 0.002, 0.002, 0, 0, 0, 0, 0.002
NitsA2, 0, 0, 0.001, 0.001, 0, 0, 0, 0, 0.001
NitsA3, 0, 0, 0.001, 0.001, 0, 0, 0, 0, 0.001
Node_AABM5X1_AABM5X2_0, 0.001, 0, 0.002, 0.002, 0.001, 0, 0.001, 0, 0.003
Node_AABM5X1_AABM5X3_0, 0, 0, 0.001, 0.001, 0, 0, 0, 0, 0.001
Node_Acid12_Acid13_0, 0, 0, 0.004, 0.004, 0, 0, 0, 0, 0.002
Node_Acid23_Acid12_0, 0.002, 0, 0, 0, 0.002, 0, 0.002, 0, 0.002
Node_Acid29_Acid27_0, 0.001, 0, 0.004, 0.004, 0.001, 0, 0.001, 0, 0.003
Node_Acid32_Acid26_0, 0, 0, 0.001, 0.001, 0, 0, 0, 0, 0.001
Node_Acid34_Acid29_0, 0.002, 0, 0, 0, 0.002, 0, 0.002, 0, 0.002
Node_Acid37_Acid30_0, 0, 0, 0.001, 0.001, 0, 0, 0, 0, 0.001
Node_Acid38_Acid36_0, 0.001, 0, 0.002, 0.002, 0.001, 0, 0.001, 0.001, 0.002
Node_Acid38_Acid40_0, 0.001, 0, 0.003, 0.004, 0.001, 0, 0.001, 0, 0.004
Node_Acid38_Acid4_0, 0, 0, 0.001, 0.001, 0, 0, 0, 0, 0.001
Node_Acid38_B130X1_0, 0, 0, 0.001, 0.001, 0, 0, 0, 0, 0
Node_Acid39_Acid35_0, 0, 0, 0.004, 0.004, 0, 0, 0, 0, 0.004
Node_Acid3_Acid14_0, 0, 0, 0.002, 0.002, 0, 0, 0, 0, 0.001
Node_Acid3_Acid6_0, 0.001, 0, 0, 0.001, 0.001, 0, 0.001, 0, 0.001
Node_Acid40_Acid20_0, 0, 0, 0.002, 0.001, 0, 0, 0, 0, 0.001
Node_Acid5_Acid23_0, 0, 0, 0.001, 0.002, 0, 0, 0, 0, 0.001
Node_Acid6_Acid28_0, 0.001, 0, 0.004, 0.003, 0.001, 0, 0.001, 0, 0.004
Node_Acti10_Acti11_0, 0.001, 0, 0, 0, 0.001, 0, 0.001, 0, 0.001
Node_Acti10_Acti25_0, 0.001, 0, 0.002, 0.002, 0.001, 0, 0.001, 0, 0.002
Node_Acti10_Acti31_0, 0.001, 0, 0.001, 0, 0.001, 0, 0.001, 0, 0.001
Node_Acti10_Acti3_0, 0.001, 0, 0.005, 0.004, 0.001, 0, 0.001, 0, 0.005
Node_Acti10_Acti7_0, 0.001, 0, 0.004, 0.004, 0.001, 0, 0.001, 0, 0.004
Node_Acti11_Acti22_0, 0, 0, 0.001, 0, 0, 0, 0, 0, 0
Node_Acti12_Acti21_0, 0, 0, 0.001, 0.001, 0, 0, 0, 0, 0.001
Node_Acti12_Acti48_0, 0, 0, 0.001, 0.001, 0, 0, 0, 0, 0.001
Node_Acti14_Acti33_0, 0.001, 0, 0.001, 0.002, 0.001, 0, 0.001, 0.001, 0.001
Node_Acti14_Acti34_0, 0.001, 0, 0.005, 0.007, 0.001, 0, 0.001, 0, 0.005
Node_Acti14_Acti6_0, 0.001, 0, 0.001, 0.001, 0.001, 0, 0.001, 0, 0.001
Node_Acti18_Acti16_0, 0.002, 0, 0.001, 0.001, 0.002, 0, 0.002, 0, 0.003
Node_Acti19_Acti13_0, 0, 0, 0.017, 0.005, 0, 0, 0, 0, 0
Node_Acti19_Acti23_0, 0, 0, 0.002, 0.002, 0, 0, 0, 0, 0.002
Node_Acti19_Acti42_0, 0.001, 0, 0, 0, 0.001, 0, 0.001, 0, 0.001
Node_Acti19_Acti49_0, 0.017, 0, 0, 0, 0.017, 0, 0.017, 0.006, 0.011
Node_Acti19_Acti8_0, 0.006, 0, 0, 0.001, 0.006, 0, 0.006, 0.001, 0.005
Node_Acti33_Acti35_0, 0, 0, 0.002, 0.001, 0, 0, 0, 0, 0.001
Node_Acti47_Acti45_0, 0, 0, 0.002, 0.001, 0, 0, 0, 0, 0.001
Node_Acti49_Acti15_0, 0.89, 0, 0.003, 0.001, 0.889, 0, 0.89, 0.888, 0.002
Node_Acti49_Acti32_0, 0.004, 0, 0.909, 0.007, 0.004, 0, 0.004, 0.003, 0.002
Node_Acti49_Acti38_0, 0.911, 0, 0.002, 0.01, 0.911, 0, 0.911, 0.888, 0.023
Node_Acti49_Acti40_0, 0.891, 0, 0, 0.028, 0.891, 0, 0.891, 0.017, 0.874
Node_Acti50_Acti14_0, 0.001, 0, 0.001, 0.001, 0.001, 0, 0.001, 0, 0.002
Node_Acti50_Acti28_0, 0, 0, 0.002, 0.003, 0, 0, 0, 0, 0.001
Node_Acti50_Acti43_0, 0, 0, 0.001, 0, 0, 0, 0, 0, 0
Node_Acti50_Acti47_0, 0.001, 0, 0.003, 0.003, 0.001, 0, 0.001, 0, 0.003
Node_Acti50_Acti52_0, 0.001, 0, 0.001, 0.003, 0.001, 0, 0.001, 0, 0.002
Node_Acti51_Acti9_0, 0, 0, 0.001, 0.001, 0, 0.001, 0, 0, 0
Node_Acti52_Acti12_0, 0, 0, 0.001, 0.001, 0, 0, 0, 0, 0
Node_Acti52_Acti37_0, 0.001, 0, 0.001, 0.002, 0.001, 0, 0.001, 0.001, 0.001
Node_Acti52_Acti44_0, 0, 0, 0.002, 0.002, 0, 0, 0, 0, 0.002
Node_Acti8_Acti24_0, 0, 0, 0.004, 0.004, 0, 0, 0, 0, 0.004
Node_Acti8_Acti2_0, 0.001, 0, 0.005, 0.002, 0.001, 0, 0.001, 0.001, 0
Node_Acti8_Acti5_0, 0, 0, 0.002, 0.002, 0, 0, 0, 0, 0.001
Node_Acti9_Acti29_0, 0, 0, 0.001, 0.001, 0, 0, 0, 0, 0
Node_Acti9_Acti30_0, 0.001, 0, 0, 0, 0.001, 0, 0.001, 0, 0.001
Node_Aqui2_Aqui1_0, 0, 0, 0.003, 0.005, 0, 0, 0, 0, 0.001
Node_Aqui2_Aqui3_0, 0, 0, 0.001, 0.003, 0, 0, 0, 0, 0.001
Node_Aqui2_Aqui5_0, 0.002, 0, 0.002, 0, 0.002, 0, 0.002, 0, 0.002
Node_Aqui2_Aqui6_0, 0.002, 0, 0.001, 0.001, 0.002, 0, 0.002, 0, 0.003
Node_Aqui6_Aqui4_0, 0, 0, 0.003, 0.003, 0, 0, 0, 0, 0.001
Node_Arma12_Arma11_0, 0.001, 0, 0, 0, 0.001, 0, 0.001, 0, 0.001
Node_Arma12_Arma7_0, 0, 0, 0.002, 0.002, 0, 0, 0, 0, 0.001
Node_Arma15_Arma13_0, 0, 0, 0.003, 0.003, 0, 0, 0, 0, 0.003
Node_Arma4_Arma14_0, 0, 0, 0.001, 0.002, 0, 0, 0, 0, 0.001
Node_Arma6_Arma15_0, 0, 0, 0.002, 0.002, 0, 0, 0, 0, 0
Node_Arma6_Arma9_0, 0.002, 0, 0.001, 0.004, 0.002, 0, 0.002, 0, 0.003
Node_Aure2_Aure1_0, 0, 0, 0.001, 0.001, 0, 0, 0, 0, 0
Node_Bact1_Bact11_0, 0.002, 0, 0, 0, 0.002, 0, 0.002, 0, 0.002
Node_Bact1_Bact17_0, 0, 0, 0.001, 0.001, 0, 0, 0, 0, 0.001
Node_Bact20_Bact1_0, 0, 0, 0.001, 0.001, 0, 0, 0, 0, 0
Node_Bact20_Bact30_0, 0.001, 0, 0.002, 0.002, 0.001, 0, 0.001, 0, 0.003
Node_Bact21_Bact29_0, 0.169, 0, 0.004, 0.023, 0.168, 0, 0.169, 0.036, 0.135
Node_Bact21_Bact36_0, 0.038, 0, 0.002, 0.003, 0.037, 0, 0.038, 0.023, 0.015
Node_Bact21_Bact44_0, 0.025, 0, 0.003, 0.006, 0.025, 0, 0.025, 0.018, 0.007
Node_Bact22_Bact31_0, 0, 0, 0.005, 0.006, 0, 0, 0, 0, 0.005
Node_Bact22_Bact5_0, 0, 0, 0.002, 0.001, 0, 0, 0, 0, 0.001
Node_Bact23_Bact28_0, 0, 0, 0.001, 0.001, 0, 0, 0, 0, 0.001
Node_Bact23_Bact34_0, 0, 0, 0.002, 0.003, 0, 0, 0, 0, 0.001
Node_Bact23_Bact4_0, 0.001, 0, 0, 0, 0.001, 0, 0.001, 0, 0.001
Node_Bact24_Bact23_0, 0, 0, 0.001, 0.001, 0, 0, 0, 0, 0.001
Node_Bact24_Bact25_0, 0, 0, 0.001, 0.001, 0, 0, 0, 0, 0.001
Node_Bact24_Bact3_0, 0, 0, 0.001, 0, 0, 0, 0, 0, 0
Node_Bact24_Bact7_0, 0.001, 0, 0.001, 0, 0.001, 0, 0.001, 0.001, 0
Node_Bact25_Bact20_0, 0.001, 0, 0.002, 0.002, 0.001, 0, 0.001, 0.001, 0.002
Node_Bact25_Bact2_0, 0.001, 0, 0.001, 0.001, 0.001, 0, 0.001, 0, 0.002
Node_Bact27_Bact19_0, 0.032, 0, 0.003, 0.01, 0.032, 0, 0.032, 0.019, 0.014
Node_Bact27_Bact21_0, 0.021, 0, 0.001, 0.001, 0.021, 0, 0.021, 0.001, 0.02
Node_Bact27_Bact22_0, 0.001, 0, 0.004, 0.003, 0.001, 0, 0.001, 0, 0.003
Node_Bact27_Bact24_0, 0.002, 0, 0, 0.001, 0.002, 0, 0.002, 0.001, 0.001
Node_Bact27_Bact35_0, 0.219, 0, 0.002, 0.093, 0.219, 0, 0.219, 0.032, 0.189
Node_Bact27_Bact37_0, 0.002, 0, 0, 0.001, 0.002, 0, 0.002, 0.001, 0.001
Node_Bact27_Bact40_0, 0.991, 0, 0.001, 0.426, 0.99, 0, 0.991, 0.219, 0.773
Node_Bact27_Mari3_0, 0.001, 0, 0, 0.001, 0.001, 0, 0.001, 0, 0.001
Node_Bact29_Bact9_0, 1.001, 0, 0.003, 0.322, 0.998, 0, 1.001, 0.167, 0.835
Node_Bact30_Bact32_0, 0.001, 0, 0.004, 0.005, 0.001, 0, 0.001, 0, 0.004
Node_Bact31_Bact38_0, 0.002, 0, 0.001, 0.001, 0.002, 0, 0.002, 0, 0.003
Node_Bact33_Bact10_0, 0.001, 0, 0, 0, 0.001, 0, 0.001, 0.001, 0
Node_Bact33_Bact39_0, 0.002, 0, 0.004, 0.006, 0.002, 0, 0.002, 0, 0.005
Node_Bact33_Bact6_0, 0.001, 0, 0, 0, 0.001, 0, 0.001, 0.001, 0
Node_Bact36_Bact43_0, 0.005, 0, 0.038, 0.014, 0.005, 0, 0.005, 0.004, 0.005
Node_Bact37_Bact33_0, 0.001, 0, 0.001, 0, 0.001, 0, 0.001, 0.001, 0
Node_Bact37_Bact42_0, 0, 0, 0.004, 0.003, 0, 0, 0, 0, 0.003
Node_Bact3_Bact12_0, 0.001, 0, 0, 0, 0.001, 0, 0.001, 0, 0.001
Node_Bact3_Bact13_0, 0.001, 0, 0.001, 0.002, 0.001, 0, 0.001, 0, 0.001
Node_Bact3_Bact14_0, 0.001, 0, 0.002, 0.002, 0.001, 0, 0.001, 0, 0.002
Node_Bact3_Bact18_0, 0.001, 0, 0.001, 0.002, 0.001, 0, 0.001, 0.001, 0.001
Node_Bact40_Bact41_0, 1.002, 0, 0.003, 0.079, 1, 0, 1.002, 0.989, 0.014
Node_Bact5_Bact16_0, 0.001, 0, 0.003, 0.003, 0.001, 0, 0.001, 0, 0.004
Node_Bact7_Bact8_0, 0.001, 0, 0.004, 0.004, 0.001, 0, 0.001, 0, 0.004
Node_Bdell12_Bdell3_0, 0.001, 0, 0.004, 0.006, 0.001, 0, 0.001, 0, 0.005
Node_Bdell13_Bdell12_0, 0, 0, 0.001, 0, 0, 0, 0, 0, 0
Node_Bdell14_Bdell4_0, 0.001, 0, 0, 0, 0.001, 0, 0.001, 0, 0.001
Node_Bdell15_Bdell7_0, 0.001, 0, 0, 0.001, 0.001, 0, 0.001, 0, 0.001
Node_Bdell15_Bdell9_0, 0, 0, 0.002, 0.001, 0, 0, 0, 0, 0.001
Node_Bdell17_Bdell16_0, 0, 0, 0.002, 0.002, 0, 0, 0, 0, 0.002
Node_Bdell6_UBA1X6_0, 0, 0, 0.002, 0.001, 0, 0, 0, 0, 0.001
Node_Bdell7_Bdell5_0, 0.001, 0, 0.001, 0.001, 0.001, 0, 0.001, 0.001, 0.001
Node_Bipo1_Bipo2_0, 0, 0, 0.002, 0.002, 0, 0, 0, 0, 0.002
Node_Caldit2_Caldit1_0, 0, 0, 0.002, 0.003, 0, 0, 0, 0, 0.002
Node_Camp14_Camp15_0, 0, 0, 0.001, 0.001, 0, 0, 0, 0, 0.001
Node_Camp1_Camp2_0, 0.002, 0, 0, 0.001, 0.002, 0, 0.002, 0, 0.002
Node_Camp1_Camp3_0, 0.003, 0, 0.002, 0.003, 0.003, 0, 0.003, 0.001, 0.003
Node_Camp1_UBP6X1_0, 0, 0, 0.001, 0.001, 0, 0.001, 0, 0, 0
Node_Camp2_Camp11_0, 0, 0, 0.003, 0.001, 0, 0, 0, 0, 0.001
Node_Camp2_Camp13_0, 0.001, 0, 0.005, 0.007, 0.001, 0, 0.001, 0, 0.004
Node_Camp2_Camp4_0, 0.002, 0, 0, 0, 0.002, 0, 0.002, 0, 0.002
Node_Camp4_Camp16_0, 0.001, 0, 0.002, 0.002, 0.001, 0, 0.001, 0.001, 0.001
Node_Camp5_Camp10_0, 0, 0, 0.001, 0.001, 0, 0, 0, 0, 0.001
Node_Camp7_Camp14_0, 0, 0, 0.002, 0.003, 0, 0, 0, 0, 0.002
Node_Camp9_Camp6_0, 0.001, 0, 0.001, 0.001, 0.001, 0, 0.001, 0, 0.002
Node_Chlo12_Chlo24_0, 0, 0, 0.001, 0, 0, 0, 0, 0, 0
Node_Chlo26_Chlo11_0, 0.001, 0, 0, 0, 0.001, 0, 0.001, 0, 0.001
Node_Chlo26_Chlo9_0, 0, 0, 0.001, 0.001, 0, 0, 0, 0, 0.001
Node_Chlo30_Chlo20_0, 0.001, 0, 0.001, 0.001, 0.001, 0, 0.001, 0, 0.002
Node_Chlo30_Chlo23_0, 0, 0, 0.001, 0, 0, 0, 0, 0, 0
Node_Chlo30_Chlo36_0, 0.001, 0, 0.001, 0.001, 0.001, 0, 0.001, 0, 0.001
Node_Chlo30_Chlo37_0, 0, 0, 0.002, 0.002, 0, 0, 0, 0, 0.001
Node_Chlo30_Chlo6_0, 0.001, 0, 0, 0.001, 0.001, 0, 0.001, 0, 0.001
Node_Chlo31_Chlo25_0, 0, 0, 0.001, 0.002, 0, 0, 0, 0, 0.001
Node_Chlo36_Chlo13_0, 0.001, 0, 0.002, 0.002, 0.001, 0, 0.001, 0, 0.003
Node_Chlo36_Chlo14_0, 0.002, 0, 0, 0, 0.002, 0, 0.002, 0.001, 0.001
Node_Chlo36_Chlo28_0, 0.001, 0, 0.001, 0.001, 0.001, 0, 0.001, 0.001, 0.001
Node_Chlo36_Chlo33_0, 0.001, 0, 0, 0, 0.001, 0, 0.001, 0, 0.001
Node_Chlo36_Chlo40_0, 0, 0, 0.001, 0.001, 0, 0, 0, 0, 0
Node_Chlo36_Chlo5_0, 0, 0, 0.003, 0.002, 0, 0, 0, 0, 0.001
Node_Chlo36_Chlo8_0, 0, 0, 0.002, 0.002, 0, 0, 0, 0, 0.001
Node_Chlo38_Chlo19_0, 0, 0, 0.002, 0.002, 0, 0, 0, 0, 0.002
Node_Chlo41_Chlo29_0, 0, 0, 0.001, 0.001, 0, 0, 0, 0, 0.001
Node_Chlo41_Chlo39_0, 0.001, 0, 0.004, 0.007, 0.001, 0, 0.001, 0, 0.005
Node_Chlo41_Chlo44_0, 0, 0, 0.001, 0.001, 0, 0, 0, 0, 0.001
Node_Chlo41_Chlo7_0, 0, 0, 0.002, 0.002, 0, 0, 0, 0, 0.002
Node_Chlo43_Chlo47_0, 0, 0, 0.001, 0.001, 0, 0, 0, 0, 0.001
Node_Chlo44_Chlo17_0, 0, 0, 0.001, 0.001, 0, 0, 0, 0, 0.001
Node_Chlo45_Chlo46_0, 0, 0, 0.004, 0.005, 0, 0, 0, 0, 0.004
Node_Chlo47_Chlo48_0, 0.002, 0, 0.001, 0.002, 0.002, 0, 0.002, 0, 0.003
Node_Chlo48_Chlo10_0, 0.002, 0, 0.004, 0.003, 0.002, 0, 0.002, 0.001, 0.004
Node_Chlo4_Chlo12_0, 0.001, 0, 0.001, 0.001, 0.001, 0, 0.001, 0, 0.002
Node_Chlo4_Chlo35_0, 0, 0, 0.002, 0.003, 0, 0, 0, 0, 0.001
Node_Chlo5_Chlo16_0, 0, 0, 0.004, 0.004, 0, 0, 0, 0, 0.004
Node_Chlo6_Chlo18_0, 0, 0, 0.002, 0.003, 0, 0, 0, 0, 0.002
Node_Chlo6_Chlo26_0, 0, 0, 0.002, 0.002, 0, 0, 0, 0, 0.001
Node_Chlo7_Chlo15_0, 0, 0, 0.001, 0.001, 0, 0, 0, 0, 0.001
Node_Cyan11_Cyan26_0, 0, 0, 0.001, 0.001, 0, 0, 0, 0, 0.001
Node_Cyan12_Cyan13_0, 0.001, 0, 0.004, 0.006, 0.001, 0, 0.001, 0, 0.005
Node_Cyan13_Cyan18_0, 0, 0, 0.002, 0.002, 0, 0, 0, 0, 0.001
Node_Cyan14_Cyan15_0, 0.001, 0, 0.001, 0.002, 0.001, 0, 0.001, 0, 0.002
Node_Cyan14_Cyan16_0, 0, 0, 0.001, 0.001, 0, 0, 0, 0, 0.001
Node_Cyan16_Cyan29_0, 0, 0, 0.001, 0.001, 0, 0, 0, 0, 0.001
Node_Cyan19_Cyan22_0, 0.001, 0, 0.002, 0.002, 0.001, 0, 0.001, 0, 0.003
Node_Cyan19_Cyan47_0, 0, 0, 0.002, 0.002, 0, 0, 0, 0, 0.001
Node_Cyan31_Cyan34_0, 0.001, 0, 0, 0, 0.001, 0, 0.001, 0, 0.001
Node_Cyan40_Cyan10_0, 0, 0, 0.001, 0.002, 0, 0, 0, 0, 0.001
Node_Cyan40_Cyan11_0, 0, 0, 0.002, 0.003, 0, 0, 0, 0, 0.002
Node_Cyan40_Cyan20_0, 0, 0, 0.001, 0.001, 0, 0.001, 0, 0, 0
Node_Cyan40_Cyan24_0, 0, 0, 0.001, 0.001, 0, 0, 0, 0, 0.001
Node_Cyan40_Cyan25_0, 0, 0, 0.002, 0.002, 0, 0, 0, 0, 0.002
Node_Cyan40_Marg1_0, 0, 0, 0.001, 0, 0, 0, 0, 0, 0
Node_Cyan40_Therd1_0, 0.001, 0, 0, 0, 0.001, 0.001, 0.001, 0.001, 0
Node_Cyan46_Cyan31_0, 0, 0, 0.002, 0.002, 0, 0, 0, 0, 0.002
Node_Cyan46_Cyan32_0, 0, 0, 0.004, 0.005, 0, 0, 0, 0, 0.004
Node_Cyan46_Cyan33_0, 0, 0, 0.001, 0.001, 0, 0, 0, 0, 0.001
Node_Cyan47_Cyan43_0, 0, 0, 0.002, 0.002, 0, 0, 0, 0, 0.002
Node_Cyan4_Cyan8_0, 0.002, 0, 0.001, 0.001, 0.002, 0, 0.002, 0, 0.003
Node_Cyan4_Cyan9_0, 0, 0, 0.003, 0.002, 0, 0, 0, 0, 0.001
Node_DTU0X1_SLNR1_0, 0.001, 0, 0, 0, 0.001, 0, 0.001, 0, 0.001
Node_Defe3_Defe1_0, 0.001, 0, 0.002, 0.002, 0.001, 0, 0.001, 0, 0.003
Node_Defe3_Defe2_0, 0.001, 0, 0.001, 0, 0.001, 0, 0.001, 0, 0.001
Node_Dein4_Dein2_0, 0.001, 0, 0.002, 0.002, 0.001, 0, 0.001, 0, 0.003
Node_Dein4_Dein6_0, 0, 0, 0.004, 0.005, 0, 0, 0, 0, 0.003
Node_Dein5_Dein1_0, 0, 0, 0.001, 0.001, 0, 0, 0, 0, 0
Node_Dein5_Dein7_0, 0.001, 0, 0.002, 0.002, 0.001, 0, 0.001, 0, 0.003
Node_Dein7_Dein3_0, 0.002, 0, 0.001, 0, 0.002, 0, 0.002, 0, 0.002
Node_DesuB1_DesuB2_0, 0.001, 0, 0.001, 0.001, 0.001, 0, 0.001, 0.001, 0.001
Node_DesuB4_DesuB1_0, 0.001, 0, 0.002, 0.004, 0.001, 0, 0.001, 0, 0.003
Node_DesuB4_DesuB3_0, 0, 0, 0.005, 0.005, 0, 0, 0, 0, 0.004
Node_DesuB4_Myxo10_0, 0, 0, 0.001, 0, 0, 0, 0, 0, 0
Node_DesuC2_Desua47_0, 0, 0, 0.001, 0, 0, 0, 0, 0, 0
Node_DesuD2_DesuD1_0, 0, 0, 0.004, 0.006, 0, 0, 0, 0, 0.004
Node_Desua11_Desua27_0, 0, 0, 0.001, 0, 0, 0, 0, 0, 0
Node_Desua16_Desua20_0, 0.001, 0, 0, 0.001, 0.001, 0, 0.001, 0, 0.001
Node_Desua16_Desua24_0, 0, 0, 0.001, 0.001, 0, 0, 0, 0, 0.001
Node_Desua16_Desua6_0, 0, 0, 0.001, 0.001, 0, 0, 0, 0, 0.001
Node_Desua16_Desua9_0, 0, 0, 0.002, 0.001, 0, 0, 0, 0, 0.001
Node_Desua1_Desua34_0, 0, 0, 0.001, 0.001, 0, 0, 0, 0, 0.001
Node_Desua22_Desua10_0, 0.002, 0, 0.004, 0.004, 0.002, 0, 0.002, 0, 0.006
Node_Desua22_Desua14_0, 0, 0, 0.005, 0.005, 0, 0, 0, 0, 0.003
Node_Desua22_Desua23_0, 0.001, 0, 0.001, 0.001, 0.001, 0, 0.001, 0, 0.002
Node_Desua22_Desua4_0, 0, 0, 0.001, 0.001, 0, 0, 0, 0, 0.001
Node_Desua28_Desua35_0, 0.002, 0, 0.003, 0.005, 0.002, 0, 0.002, 0.001, 0.004
Node_Desua2_Desua8_0, 0.002, 0, 0.001, 0.001, 0.002, 0, 0.002, 0, 0.002
Node_Desua36_Desua38_0, 0.002, 0, 0.002, 0.002, 0.002, 0, 0.002, 0, 0.004
Node_Desua36_Desua39_0, 0, 0, 0.001, 0.002, 0, 0, 0, 0, 0
Node_Desua40_Desua31_0, 0, 0, 0.002, 0.002, 0, 0, 0, 0, 0.002
Node_Desua42_Desua11_0, 0.001, 0, 0.001, 0.001, 0.001, 0, 0.001, 0, 0.002
Node_Desua43_Desua50_0, 0.001, 0, 0.002, 0.003, 0.001, 0, 0.001, 0, 0.002
Node_Desua43_Desua52_0, 0.001, 0, 0.004, 0.004, 0.001, 0, 0.001, 0, 0.004
Node_Desua43_Desua54_0, 0.001, 0, 0.002, 0.002, 0.001, 0, 0.001, 0, 0.003
Node_Desua44_Desua36_0, 0.001, 0, 0, 0, 0.001, 0, 0.001, 0.001, 0
Node_Desua46_Desua25_0, 0, 0, 0.004, 0.005, 0, 0, 0, 0, 0.004
Node_Desua47_Desua41_0, 0, 0, 0.001, 0.001, 0, 0, 0, 0, 0.001
Node_Desua48_Desua33_0, 0.001, 0, 0.002, 0.002, 0.001, 0, 0.001, 0, 0.003
Node_Desua48_Desua42_0, 0, 0, 0.001, 0.001, 0, 0, 0, 0, 0.001
Node_Desua48_Desua46_0, 0, 0, 0.001, 0.001, 0, 0, 0, 0, 0.001
Node_Desua49_Desua21_0, 0.001, 0, 0.001, 0.001, 0.001, 0, 0.001, 0, 0.001
Node_Desua49_Desua44_0, 0.001, 0, 0.002, 0.002, 0.001, 0, 0.001, 0, 0.003
Node_Desua53_Desua51_0, 0.001, 0, 0, 0.001, 0.001, 0, 0.001, 0, 0.001
Node_Desua6_Desua19_0, 0.001, 0, 0.002, 0.002, 0.001, 0, 0.001, 0, 0.002
Node_Desua6_Desua2_0, 0.001, 0, 0.001, 0.003, 0.001, 0, 0.001, 0, 0.002
Node_Desua6_Desua7_0, 0, 0, 0.001, 0, 0, 0, 0, 0, 0
Node_Desua9_Desua17_0, 0, 0, 0.002, 0.004, 0, 0, 0, 0, 0.002
Node_Desua9_Desua18_0, 0, 0, 0.002, 0.003, 0, 0, 0, 0, 0.002
Node_Dorm2_Dorm1_0, 0.001, 0, 0.005, 0.004, 0.001, 0, 0.001, 0.001, 0.002
Node_Dorm2_Dorm4_0, 0.004, 0, 0, 0.001, 0.004, 0, 0.004, 0, 0.004
Node_Dorm2_Dorm5_0, 0.004, 0, 0.002, 0.002, 0.004, 0, 0.004, 0.003, 0.002
Node_Eise2_Eise1_0, 0.003, 0, 0.003, 0.003, 0.003, 0, 0.003, 0, 0.006
Node_Eise4_Eise3_0, 0.002, 0, 0.002, 0.003, 0.002, 0, 0.002, 0, 0.004
Node_Elus2_Elus3_0, 0, 0, 0.001, 0.002, 0, 0, 0, 0, 0.001
Node_Elus3_Elus6_0, 0, 0, 0.001, 0.001, 0, 0, 0, 0, 0.001
Node_Elus6_Elus8_0, 0.001, 0, 0, 0, 0.001, 0, 0.001, 0, 0.001
Node_Elus9_Elus10_0, 0, 0, 0.002, 0.002, 0, 0, 0, 0, 0.002
Node_Erem4_Erem5_0, 0.001, 0, 0.003, 0.004, 0.001, 0, 0.001, 0.001, 0.003
Node_Erem6_Erem4_0, 0.001, 0, 0.002, 0.004, 0.001, 0, 0.001, 0, 0.003
Node_FCPU1_FCPU2_0, 0.001, 0, 0.001, 0.001, 0.001, 0, 0.001, 0, 0.002
Node_Ferm1_Krum1_0, 0, 0, 0.001, 0.001, 0, 0, 0, 0, 0.001
Node_Fibr4_Fibr2_0, 0, 0, 0.004, 0.004, 0, 0, 0, 0, 0.004
Node_Fibr4_Fibr3_0, 0, 0, 0.001, 0.001, 0, 0, 0, 0, 0.001
Node_Fibr4_Fibr5_0, 0.001, 0, 0, 0, 0.001, 0, 0.001, 0, 0.001
Node_Fibr4_Fibr6_0, 0, 0, 0.001, 0, 0, 0, 0, 0, 0
Node_Fibr5_Fibr1_0, 0.001, 0, 0.001, 0.001, 0.001, 0, 0.001, 0.001, 0.001
Node_FirmA102_FirmA76_0, 0.001, 0, 0.005, 0.005, 0.001, 0, 0.001, 0, 0.006
Node_FirmA106_FirmA114_0, 0, 0, 0.003, 0.003, 0, 0, 0, 0, 0.003
Node_FirmA109_FirmA77_0, 0, 0, 0.001, 0.001, 0, 0, 0, 0, 0.001
Node_FirmA109_FirmA95_0, 0, 0, 0.001, 0.001, 0, 0, 0, 0, 0.001
Node_FirmA114_FirmA98_0, 0, 0, 0.002, 0.002, 0, 0, 0, 0, 0.002
Node_FirmA12_FirmA93_0, 0.001, 0, 0.001, 0.002, 0.001, 0, 0.001, 0.001, 0.001
Node_FirmA18_FirmA103_0, 0, 0, 0.001, 0.001, 0, 0, 0, 0, 0.001
Node_FirmA20_FirmA100_0, 0.001, 0, 0.001, 0.001, 0.001, 0, 0.001, 0.001, 0.001
Node_FirmA20_FirmA24_0, 0.001, 0, 0, 0.001, 0.001, 0, 0.001, 0, 0.001
Node_FirmA20_FirmA25_0, 0.001, 0, 0, 0.001, 0.001, 0, 0.001, 0, 0.001
Node_FirmA20_FirmA38_0, 0, 0, 0.001, 0, 0, 0, 0, 0, 0
Node_FirmA20_FirmA52_0, 0.001, 0, 0, 0, 0.001, 0, 0.001, 0.001, 0
Node_FirmA21_FirmA108_0, 0, 0, 0.002, 0, 0, 0, 0, 0, 0
Node_FirmA21_FirmA47_0, 0, 0, 0.001, 0.001, 0, 0, 0, 0, 0.001
Node_FirmA21_FirmA88_0, 0.002, 0, 0, 0.001, 0.002, 0, 0.002, 0.001, 0.001
Node_FirmA24_FirmA1_0, 0, 0, 0.001, 0.001, 0, 0, 0, 0, 0
Node_FirmA24_FirmA8_0, 0.001, 0, 0.001, 0.002, 0.001, 0, 0.001, 0, 0.002
Node_FirmA25_FirmA56_0, 0, 0, 0.002, 0.001, 0, 0, 0, 0, 0.001
Node_FirmA26_FirmA41_0, 0.001, 0, 0.005, 0.007, 0.001, 0, 0.001, 0.001, 0.004
Node_FirmA26_FirmA7_0, 0.002, 0, 0, 0, 0.002, 0, 0.002, 0, 0.002
Node_FirmA27_FirmA71_0, 0.001, 0, 0.001, 0.001, 0.001, 0, 0.001, 0, 0.002
Node_FirmA28_FirmA94_0, 0, 0, 0.001, 0.002, 0, 0, 0, 0, 0.001
Node_FirmA29_FirmA51_0, 0.001, 0, 0.001, 0.001, 0.001, 0, 0.001, 0, 0.002
Node_FirmA38_FirmA32_0, 0.001, 0, 0.001, 0.001, 0.001, 0, 0.001, 0, 0.002
Node_FirmA43_FirmA39_0, 0, 0, 0.001, 0.001, 0, 0, 0, 0, 0
Node_FirmA45_FirmA40_0, 0, 0, 0.001, 0.001, 0, 0, 0, 0, 0
Node_FirmA52_FirmA107_0, 0, 0, 0.001, 0.002, 0, 0, 0, 0, 0.001
Node_FirmA52_FirmA42_0, 0, 0, 0.001, 0, 0, 0, 0, 0, 0
Node_FirmA53_FirmA35_0, 0, 0, 0.001, 0, 0, 0, 0, 0, 0
Node_FirmA55_FirmA29_0, 0, 0, 0.001, 0, 0, 0, 0, 0, 0
Node_FirmA58_FirmA43_0, 0.001, 0, 0.002, 0.002, 0.001, 0, 0.001, 0.001, 0.002
Node_FirmA59_FirmA48_0, 0, 0, 0.001, 0.001, 0, 0, 0, 0, 0.001
Node_FirmA60_FirmA74_0, 0, 0, 0.003, 0.005, 0, 0, 0, 0, 0.002
Node_FirmA61_FirmA66_0, 0, 0, 0.002, 0.001, 0, 0, 0, 0, 0.001
Node_FirmA62_FirmA58_0, 0.001, 0, 0, 0.001, 0.001, 0, 0.001, 0, 0.001
Node_FirmA62_FirmA6_0, 0, 0, 0.003, 0.002, 0, 0, 0, 0, 0.002
Node_FirmA63_FirmA30_0, 0.001, 0, 0.003, 0.003, 0.001, 0, 0.001, 0, 0.004
Node_FirmA63_FirmA45_0, 0.001, 0, 0, 0, 0.001, 0, 0.001, 0.001, 0
Node_FirmA63_FirmA99_0, 0, 0, 0.001, 0.001, 0, 0, 0, 0, 0.001
Node_FirmA64_FirmA33_0, 0.002, 0, 0, 0, 0.002, 0, 0.002, 0, 0.002
Node_FirmA65_FirmA5_0, 0, 0, 0.003, 0.004, 0, 0, 0, 0, 0.003
Node_FirmA65_FirmA64_0, 0, 0, 0.001, 0.001, 0, 0, 0, 0, 0
Node_FirmA65_FirmA69_0, 0.001, 0, 0, 0, 0.001, 0, 0.001, 0.001, 0
Node_FirmA65_FirmA97_0, 0, 0, 0.001, 0.001, 0, 0, 0, 0, 0.001
Node_FirmA69_FirmA28_0, 0, 0, 0.002, 0.002, 0, 0, 0, 0, 0.001
Node_FirmA72_FirmA73_0, 0.001, 0, 0.001, 0.001, 0.001, 0, 0.001, 0, 0.002
Node_FirmA7_FirmA12_0, 0.001, 0, 0.003, 0.003, 0.001, 0, 0.001, 0, 0.003
Node_FirmA7_FirmA90_0, 0.001, 0, 0.001, 0.002, 0.001, 0, 0.001, 0.001, 0
Node_FirmA83_FirmA11_0, 0, 0, 0.001, 0, 0, 0, 0, 0, 0
Node_FirmA83_FirmA49_0, 0.001, 0, 0.002, 0.002, 0.001, 0, 0.001, 0.001, 0.001
Node_FirmA83_FirmA55_0, 0.001, 0, 0.002, 0.003, 0.001, 0, 0.001, 0, 0.002
Node_FirmA83_FirmA65_0, 0.001, 0, 0, 0, 0.001, 0, 0.001, 0, 0.001
Node_FirmA83_FirmA86_0, 0.002, 0, 0, 0, 0.002, 0, 0.002, 0.001, 0.001
Node_FirmA84_FirmA9_0, 0.001, 0, 0, 0.002, 0.001, 0, 0.001, 0, 0.001
Node_FirmA85_FirmA60_0, 0.001, 0, 0, 0.001, 0.001, 0, 0.001, 0, 0.001
Node_FirmA86_FirmA61_0, 0.001, 0, 0.004, 0.007, 0.001, 0, 0.001, 0.001, 0.003
Node_FirmA88_FirmA101_0, 0, 0, 0.002, 0.003, 0, 0, 0, 0, 0
Node_FirmA89_FirmA105_0, 0.003, 0, 0.002, 0.003, 0.003, 0, 0.003, 0, 0.005
Node_FirmA89_FirmA110_0, 0.001, 0, 0.005, 0.005, 0.001, 0, 0.001, 0, 0.003
Node_FirmA89_FirmA21_0, 0.001, 0, 0, 0, 0.001, 0, 0.001, 0, 0.001
Node_FirmA89_FirmA31_0, 0, 0, 0.002, 0.002, 0, 0, 0, 0, 0.001
Node_FirmA89_FirmA53_0, 0.001, 0, 0, 0, 0.001, 0, 0.001, 0, 0.001
Node_FirmA89_FirmA68_0, 0, 0, 0.001, 0.001, 0, 0, 0, 0, 0.001
Node_FirmA89_FirmA80_0, 0, 0, 0.001, 0, 0, 0, 0, 0, 0
Node_FirmA90_FirmA112_0, 0.001, 0, 0.005, 0.004, 0.001, 0, 0.001, 0, 0.005
Node_FirmA96_FirmA27_0, 0, 0, 0.001, 0.001, 0, 0, 0, 0, 0.001
Node_FirmA99_FirmA18_0, 0, 0, 0.001, 0.001, 0, 0, 0, 0, 0.001
Node_FirmB16_FirmB13_0, 0, 0, 0.002, 0.003, 0, 0, 0, 0, 0.002
Node_FirmB17_FirmB15_0, 0.001, 0, 0.001, 0.001, 0.001, 0, 0.001, 0, 0.002
Node_FirmB2_FirmB12_0, 0, 0, 0.003, 0.003, 0, 0, 0, 0, 0.002
Node_FirmB3_FirmB14_0, 0.001, 0, 0.001, 0.001, 0.001, 0, 0.001, 0.001, 0.001
Node_FirmB4_FirmB17_0, 0, 0, 0.002, 0.003, 0, 0, 0, 0, 0.002
Node_FirmB4_FirmB1_0, 0, 0, 0.003, 0.003, 0, 0, 0, 0, 0.002
Node_FirmB4_FirmB3_0, 0.001, 0, 0.002, 0.002, 0.001, 0, 0.001, 0, 0.003
Node_FirmB6_FirmB7_0, 0, 0, 0.001, 0.001, 0, 0, 0, 0, 0.001
Node_FirmB8_FirmB16_0, 0, 0, 0.001, 0.001, 0, 0, 0, 0, 0.001
Node_FirmB8_FirmB5_0, 0.001, 0, 0, 0, 0.001, 0, 0.001, 0, 0.001
Node_FirmB9_FirmB10_0, 0.001, 0, 0.002, 0.004, 0.001, 0, 0.001, 0.001, 0.002
Node_FirmB9_FirmB2_0, 0.001, 0, 0, 0, 0.001, 0, 0.001, 0, 0.001
Node_FirmC10_FirmC14_0, 0, 0, 0.003, 0.004, 0, 0, 0, 0, 0.002
Node_FirmC10_FirmC18_0, 0.001, 0, 0.002, 0.003, 0.001, 0, 0.001, 0.001, 0.001
Node_FirmC10_FirmC19_0, 0.002, 0, 0, 0, 0.002, 0, 0.002, 0, 0.002
Node_FirmC11_FirmC3_0, 0, 0, 0.004, 0.005, 0, 0, 0, 0, 0.003
Node_FirmC13_FirmB8_0, 0, 0, 0.001, 0.001, 0, 0, 0, 0, 0.001
Node_FirmC13_FirmC10_0, 0, 0, 0.001, 0, 0, 0, 0, 0, 0
Node_FirmC13_FirmC17_0, 0.001, 0, 0.002, 0.003, 0.001, 0, 0.001, 0, 0.003
Node_FirmC13_FirmC8_0, 0.001, 0, 0.002, 0.002, 0.001, 0, 0.001, 0, 0.003
Node_FirmC15_FirmC12_0, 0, 0, 0.002, 0.003, 0, 0, 0, 0, 0.001
Node_FirmC1_FirmC4_0, 0, 0, 0.002, 0.003, 0, 0, 0, 0, 0.001
Node_FirmC6_FirmC16_0, 0, 0, 0.002, 0.001, 0, 0, 0, 0, 0.001
Node_FirmC6_FirmC1_0, 0.001, 0, 0.003, 0.001, 0.001, 0, 0.001, 0, 0.002
Node_FirmC8_FirmC11_0, 0.001, 0, 0.003, 0.003, 0.001, 0, 0.001, 0.001, 0.002
Node_FirmC8_FirmC15_0, 0.001, 0, 0.002, 0.002, 0.001, 0, 0.001, 0, 0.002
Node_FirmC8_FirmC6_0, 0.002, 0, 0.001, 0.001, 0.002, 0, 0.002, 0.001, 0.002
Node_FirmC8_FirmC7_0, 0.001, 0, 0, 0, 0.001, 0, 0.001, 0.001, 0
Node_FirmC8_FirmC9_0, 0.001, 0, 0, 0, 0.001, 0, 0.001, 0.001, 0
Node_FirmD4_FirmD2_0, 0, 0, 0.001, 0.002, 0, 0, 0, 0, 0
Node_FirmE4_FirmE6_0, 0.001, 0, 0.002, 0.002, 0.001, 0, 0.001, 0, 0.003
Node_FirmE5_FirmE4_0, 0, 0, 0.001, 0, 0, 0, 0, 0, 0
Node_FirmE5_FirmE7_0, 0.001, 0, 0, 0, 0.001, 0, 0.001, 0, 0.001
Node_FirmE7_FirmE1_0, 0, 0, 0.001, 0.001, 0, 0, 0, 0, 0
Node_FirmE7_FirmE2_0, 0, 0, 0.002, 0.002, 0, 0, 0, 0, 0.002
Node_FirmE7_FirmE8_0, 0.002, 0, 0, 0, 0.002, 0, 0.002, 0, 0.002
Node_FirmF2_FirmF3_0, 0.001, 0, 0.001, 0.001, 0.001, 0, 0.001, 0, 0.002
Node_FirmG6_FirmG3_0, 0, 0, 0.002, 0.003, 0, 0, 0, 0, 0.002
Node_FirmG6_FirmG4_0, 0, 0, 0.001, 0.001, 0, 0, 0, 0, 0.001
Node_Firms11_Firms17_0, 0.08, 0, 0, 0.008, 0.079, 0, 0.08, 0.001, 0.079
Node_Firms20_Firms12_0, 0.001, 0, 0.002, 0.005, 0.001, 0, 0.001, 0, 0.002
Node_Firms20_Firms29_0, 0.001, 0, 0.006, 0.006, 0.001, 0, 0.001, 0, 0.006
Node_Firms23_Firms18_0, 0.002, 0, 0.002, 0.003, 0.002, 0, 0.002, 0.001, 0.003
Node_Firms24_Firms26_0, 0.002, 0, 0.008, 0.01, 0.002, 0, 0.002, 0.001, 0.005
Node_Firms33_FirmA83_0, 0.001, 0, 0, 0, 0.001, 0.001, 0.001, 0.001, 0
Node_Firms33_FirmD1_0, 0.001, 0, 0, 0.001, 0.001, 0, 0.001, 0.001, 0
Node_Firms33_FirmD4_0, 0.001, 0, 0, 0, 0.001, 0, 0.001, 0.001, 0
Node_Firms33_Firms11_0, 0.001, 0, 0, 0, 0.001, 0, 0.001, 0, 0.001
Node_Firms33_Firms16_0, 0.001, 0, 0.001, 0.002, 0.001, 0, 0.001, 0, 0.002
Node_Firms33_Firms20_0, 0.001, 0, 0.001, 0.003, 0.001, 0, 0.001, 0.001, 0.001
Node_Firms33_Firms21_0, 0.001, 0, 0.001, 0.001, 0.001, 0, 0.001, 0, 0.001
Node_Firms33_Firms23_0, 0.001, 0, 0.004, 0.004, 0.001, 0, 0.001, 0, 0.005
Node_Firms33_Firms28_0, 0, 0, 0.001, 0.001, 0, 0, 0, 0, 0.001
Node_Firms33_Firms30_0, 0, 0, 0.001, 0, 0, 0, 0, 0, 0
Node_Firms33_Firms5_0, 0, 0, 0.001, 0.001, 0, 0, 0, 0, 0
Node_Firms33_Firms6_0, 0, 0, 0.001, 0, 0, 0, 0, 0, 0
Node_Firms33_Firms7_0, 0.001, 0, 0, 0, 0.001, 0, 0.001, 0.001, 0
Node_Firms33_Firms8_0, 0.001, 0, 0, 0, 0.001, 0, 0.001, 0.001, 0
Node_Firms8_Firms24_0, 0.005, 0, 0.016, 0.005, 0.005, 0, 0.005, 0.003, 0.002
Node_Firms8_Firms4_0, 0.019, 0, 0, 0.002, 0.019, 0, 0.019, 0.001, 0.018
Node_Gemm2_Gemm4_0, 0.001, 0, 0.004, 0.005, 0.001, 0, 0.001, 0, 0.005
Node_Gemm3_Gemm6_0, 0.001, 0, 0.001, 0.001, 0.001, 0, 0.001, 0, 0.002
Node_Gemm5_Gemm9_0, 0, 0, 0.001, 0.001, 0, 0, 0, 0, 0.001
Node_Gemm9_Gemm3_0, 0, 0, 0.001, 0.001, 0, 0, 0, 0, 0.001
Node_Gemm9_Gemm7_0, 0, 0, 0.001, 0.001, 0, 0, 0, 0, 0.001
Node_Gold1_Gold2_0, 0.001, 0, 0.001, 0.001, 0.001, 0, 0.001, 0, 0.002
Node_Hydr2_Hydr1_0, 0, 0, 0.003, 0.004, 0, 0, 0, 0, 0.003
Node_Late1_Late3_0, 0, 0, 0.001, 0.001, 0, 0, 0, 0, 0.001
Node_Mari3_Mari6_0, 0, 0, 0.002, 0.003, 0, 0, 0, 0, 0.001
Node_Mari6_Mari1_0, 0.002, 0, 0.003, 0.004, 0.002, 0, 0.002, 0.001, 0.004
Node_Mari6_Mari5_0, 0.001, 0, 0.002, 0.003, 0.001, 0, 0.001, 0, 0.003
Node_Meth2_Meth1_0, 0, 0, 0.002, 0.002, 0, 0, 0, 0, 0.002
Node_Meth4_Meth3_0, 0, 0, 0.002, 0.002, 0, 0, 0, 0, 0.002
Node_Meth5_Meth4_0, 0, 0, 0.002, 0.004, 0, 0, 0, 0, 0.002
Node_Meth5_NitsA1_0, 0.001, 0, 0, 0, 0.001, 0, 0.001, 0, 0.001
Node_Meth5_SZUA1_0, 0, 0, 0.001, 0.001, 0, 0, 0, 0, 0
Node_Meth5_Sche1_0, 0.001, 0, 0, 0, 0.001, 0, 0.001, 0.001, 0
Node_MyxA1_MyxA2_0, 0, 0, 0.001, 0.001, 0, 0, 0, 0, 0
Node_MyxA1_MyxA4_0, 0.001, 0, 0.001, 0, 0.001, 0, 0.001, 0.001, 0
Node_MyxA2_MyxA3_0, 0.001, 0, 0.004, 0.004, 0.001, 0, 0.001, 0, 0.005
Node_Myxo10_Bdell6_0, 0.001, 0, 0, 0, 0.001, 0, 0.001, 0, 0.001
Node_Myxo10_MyxA1_0, 0.002, 0, 0.001, 0.003, 0.002, 0, 0.002, 0.001, 0.002
Node_Myxo10_Myxo11_0, 0.002, 0, 0.001, 0.001, 0.002, 0, 0.002, 0.001, 0.001
Node_Myxo10_Myxo14_0, 0.004, 0, 0, 0.003, 0.004, 0, 0.004, 0.002, 0.002
Node_Myxo10_Myxo15_0, 0.076, 0, 0.004, 0.024, 0.076, 0, 0.076, 0.021, 0.058
Node_Myxo10_Myxo17_0, 0.022, 0, 0, 0.006, 0.022, 0, 0.022, 0.004, 0.018
Node_Myxo11_Bdell13_0, 0.001, 0, 0.002, 0, 0.001, 0, 0.001, 0, 0.001
Node_Myxo11_Myxo13_0, 0, 0, 0.001, 0.003, 0, 0, 0, 0, 0.001
Node_Myxo11_Myxo8_0, 0, 0, 0.001, 0.001, 0, 0, 0, 0, 0
Node_Myxo14_Myxo2_0, 0, 0, 0.003, 0.002, 0, 0, 0, 0, 0.001
Node_Myxo14_Myxo3_0, 0.001, 0, 0.004, 0.001, 0.001, 0, 0.001, 0.001, 0.001
Node_Myxo14_Myxo6_0, 0.001, 0, 0.002, 0.002, 0.001, 0, 0.001, 0, 0.003
Node_Myxo14_Myxo9_0, 0.002, 0, 0, 0.002, 0.002, 0, 0.002, 0.001, 0.001
Node_Myxo15_Myxo18_0, 0.271, 0, 0.002, 0.057, 0.27, 0, 0.271, 0.074, 0.197
Node_Myxo17_Myxo19_0, 0, 0, 0.025, 0.008, 0, 0, 0, 0, 0.003
Node_Myxo2_Myxo1_0, 0, 0, 0.001, 0.001, 0, 0, 0, 0, 0.001
Node_Myxo8_Myxo7_0, 0.001, 0, 0.001, 0.001, 0.001, 0, 0.001, 0, 0.002
Node_Nitr10_Nitr3_0, 0.001, 0, 0.002, 0.003, 0.001, 0, 0.001, 0, 0.003
Node_Nitr10_Nitr4_0, 0, 0, 0.001, 0, 0, 0, 0, 0, 0
Node_Nitr10_Nitr6_0, 0, 0, 0.003, 0.004, 0, 0, 0, 0, 0.002
Node_Nitr14_Meth5_0, 0, 0, 0.001, 0, 0, 0, 0, 0, 0
Node_Nitr14_Nitr12_0, 0.002, 0, 0.004, 0.006, 0.002, 0, 0.002, 0, 0.004
Node_Nitr14_Nitr13_0, 0.001, 0, 0, 0, 0.001, 0, 0.001, 0.001, 0
Node_Nitr14_Nitr15_0, 0.001, 0, 0, 0, 0.001, 0, 0.001, 0, 0.001
Node_Nitr14_Nitr16_0, 0.002, 0, 0.002, 0.004, 0.002, 0, 0.002, 0, 0.003
Node_Nitr14_Nitr2_0, 0.001, 0, 0, 0, 0.001, 0, 0.001, 0, 0.001
Node_Nitr14_Nitr9_0, 0, 0, 0.001, 0, 0, 0, 0, 0, 0
Node_Nitr15_Nitr10_0, 0.001, 0, 0.001, 0, 0.001, 0, 0.001, 0.001, 0
Node_Nitr15_Nitr1_0, 0, 0, 0.001, 0.001, 0, 0, 0, 0, 0
Node_Nitr15_Nitr8_0, 0.002, 0, 0, 0.001, 0.002, 0, 0.002, 0, 0.002
Node_Nitr16_Nitr11_0, 0, 0, 0.003, 0.004, 0, 0, 0, 0, 0.002
Node_Nitr16_Nitr17_0, 0.001, 0, 0.001, 0, 0.001, 0, 0.001, 0.001, 0
Node_Nitr17_Nitr5_0, 0, 0, 0.001, 0.001, 0, 0, 0, 0, 0
Node_Nitr9_Nitr7_0, 0.001, 0, 0, 0, 0.001, 0, 0.001, 0, 0.001
Node_Nits1_Nits3_0, 0, 0, 0.001, 0.001, 0, 0, 0, 0, 0.001
Node_Nits4_Nits2_0, 0.001, 0, 0.001, 0.001, 0.001, 0, 0.001, 0, 0.002
Node_NitsA1_NitsA2_0, 0, 0, 0.005, 0.005, 0, 0, 0, 0, 0.005
Node_NitsA1_NitsA3_0, 0, 0, 0.001, 0, 0, 0, 0, 0, 0
Node_Omni4_Omni2_0, 0.001, 0, 0.002, 0.002, 0.001, 0, 0.001, 0.001, 0.002
Node_Omni4_Omni3_0, 0.001, 0, 0, 0.001, 0.001, 0, 0.001, 0, 0.001
Node_Omni4_Omni7_0, 0.001, 0, 0.001, 0, 0.001, 0, 0.001, 0, 0.001
Node_Omni4_Omni8_0, 0, 0, 0.001, 0.002, 0, 0.001, 0, 0, 0
Node_Omni8_Omni6_0, 0, 0, 0.004, 0.005, 0, 0, 0, 0, 0.004
Node_P4572X1_Ferm1_0, 0, 0, 0.001, 0, 0, 0, 0, 0, 0
Node_Pate13_Pate34_0, 0, 0, 0.001, 0.002, 0, 0, 0, 0, 0
Node_Pate13_Pate6_0, 0.001, 0, 0, 0, 0.001, 0, 0.001, 0.001, 0
Node_Pate14_Pate35_0, 0, 0, 0.001, 0.001, 0, 0, 0, 0, 0.001
Node_Pate14_Pate5_0, 0, 0, 0.001, 0.001, 0, 0, 0, 0, 0.001
Node_Pate15_Pate29_0, 0.001, 0, 0.001, 0.001, 0.001, 0, 0.001, 0, 0.002
Node_Pate17_Pate18_0, 0.001, 0, 0.001, 0.001, 0.001, 0, 0.001, 0, 0.002
Node_Pate17_Pate8_0, 0.001, 0, 0, 0, 0.001, 0, 0.001, 0.001, 0
Node_Pate18_Pate38_0, 0, 0, 0.001, 0.001, 0, 0, 0, 0, 0.001
Node_Pate18_Pate9_0, 0, 0, 0.001, 0.001, 0, 0, 0, 0, 0
Node_Pate19_Pate37_0, 0.001, 0, 0.002, 0.002, 0.001, 0, 0.001, 0, 0.003
Node_Pate24_Pate13_0, 0.001, 0, 0, 0.001, 0.001, 0, 0.001, 0, 0.001
Node_Pate24_Pate54_0, 0, 0, 0.001, 0, 0, 0, 0, 0, 0
Node_Pate26_Pate12_0, 0.001, 0, 0, 0.001, 0.001, 0, 0.001, 0, 0.001
Node_Pate43_Pate22_0, 0, 0, 0.001, 0.001, 0, 0, 0, 0, 0
Node_Pate43_Pate44_0, 0, 0, 0.001, 0.001, 0, 0, 0, 0, 0.001
Node_Pate43_Pate45_0, 0.001, 0, 0, 0, 0.001, 0.001, 0.001, 0.001, 0
Node_Pate43_Pate57_0, 0.001, 0, 0.001, 0.001, 0.001, 0, 0.001, 0, 0.002
Node_Pate44_Pate10_0, 0.001, 0, 0, 0, 0.001, 0, 0.001, 0.001, 0
Node_Pate44_Pate52_0, 0.001, 0, 0, 0.002, 0.001, 0, 0.001, 0, 0.001
Node_Pate45_Pate21_0, 0, 0, 0.001, 0, 0, 0, 0, 0, 0
Node_Pate49_Pate41_0, 0, 0, 0.001, 0.001, 0, 0, 0, 0, 0.001
Node_Pate51_Pate27_0, 0, 0, 0.003, 0.004, 0, 0, 0, 0, 0.003
Node_Pate51_Pate33_0, 0, 0, 0.002, 0.002, 0, 0, 0, 0, 0.002
Node_Pate54_Pate31_0, 0.001, 0, 0.003, 0.004, 0.001, 0, 0.001, 0, 0.004
Node_Pate9_Pate36_0, 0, 0, 0.001, 0.001, 0, 0, 0, 0, 0.001
Node_Plan17_Plan23_0, 0, 0, 0.003, 0.004, 0, 0, 0, 0, 0.003
Node_Plan22_Plan2_0, 0.001, 0, 0.003, 0.003, 0.001, 0, 0.001, 0, 0.004
Node_Plan26_Plan21_0, 0, 0, 0.001, 0.002, 0, 0, 0, 0, 0.001
Node_Plan30_Plan14_0, 0.001, 0, 0.002, 0.001, 0.001, 0, 0.001, 0, 0.002
Node_Plan32_Plan12_0, 0.002, 0, 0.003, 0.002, 0.002, 0, 0.002, 0.001, 0.003
Node_Plan32_Plan22_0, 0, 0, 0.001, 0.001, 0, 0, 0, 0, 0.001
Node_Plan32_Plan26_0, 0, 0, 0.001, 0.002, 0, 0, 0, 0, 0.001
Node_Plan32_Plan30_0, 0.001, 0, 0.001, 0.001, 0.001, 0, 0.001, 0, 0.002
Node_Plan32_Plan3_0, 0.002, 0, 0.003, 0.004, 0.002, 0, 0.002, 0, 0.004
Node_Plan42_Plan40_0, 0.001, 0, 0.007, 0.005, 0.001, 0, 0.001, 0, 0.006
Node_Plan43_Plan42_0, 0.002, 0, 0, 0, 0.002, 0, 0.002, 0, 0.002
Node_ProtA11_ProtA32_0, 0, 0, 0.003, 0.003, 0, 0, 0, 0, 0.003
Node_ProtA12_ProtA44_0, 0, 0, 0.001, 0.001, 0, 0, 0, 0, 0.001
Node_ProtA12_ProtA54_0, 0.001, 0, 0.001, 0.002, 0.001, 0, 0.001, 0, 0.002
Node_ProtA13_ProtA24_0, 0, 0, 0.001, 0.001, 0, 0, 0, 0, 0.001
Node_ProtA13_ProtA61_0, 0, 0, 0.001, 0.002, 0, 0, 0, 0, 0.001
Node_ProtA13_ProtA7_0, 0, 0, 0.002, 0.004, 0, 0, 0, 0, 0.002
Node_ProtA15_ProtA42_0, 0.001, 0, 0, 0.002, 0.001, 0, 0.001, 0, 0.001
Node_ProtA15_ProtA70_0, 0, 0, 0.001, 0.001, 0, 0, 0, 0, 0.001
Node_ProtA16_ProtA33_0, 0.001, 0, 0.002, 0, 0.001, 0, 0.001, 0.001, 0
Node_ProtA16_ProtA66_0, 0.002, 0, 0, 0.001, 0.002, 0, 0.002, 0.001, 0.001
Node_ProtA16_ProtA69_0, 0.002, 0, 0.003, 0.002, 0.002, 0, 0.002, 0.001, 0.003
Node_ProtA16_ProtA8_0, 0.003, 0, 0, 0, 0.003, 0, 0.003, 0.002, 0.001
Node_ProtA18_ProtA10_0, 0, 0, 0.001, 0.001, 0, 0, 0, 0, 0.001
Node_ProtA18_ProtA19_0, 0.003, 0, 0.003, 0.003, 0.003, 0, 0.003, 0.001, 0.003
Node_ProtA18_ProtA29_0, 0, 0, 0.004, 0, 0, 0, 0, 0, 0
Node_ProtA18_ProtA53_0, 0.004, 0, 0.001, 0, 0.004, 0, 0.004, 0.002, 0.002
Node_ProtA19_ProtA20_0, 0, 0, 0.005, 0.005, 0, 0, 0, 0, 0.002
Node_ProtA19_ProtA3_0, 0, 0, 0.001, 0.001, 0, 0, 0, 0, 0.001
Node_ProtA19_ProtA46_0, 0, 0, 0.001, 0, 0, 0, 0, 0, 0
Node_ProtA19_ProtA49_0, 0.001, 0, 0.002, 0.003, 0.001, 0, 0.001, 0, 0.003
Node_ProtA19_ProtA68_0, 0.001, 0, 0.001, 0.001, 0.001, 0, 0.001, 0, 0.002
Node_ProtA19_ProtA74_0, 0.001, 0, 0.002, 0.002, 0.001, 0, 0.001, 0, 0.002
Node_ProtA20_ProtA5_0, 0, 0, 0.001, 0.002, 0, 0, 0, 0, 0.001
Node_ProtA26_ProtA37_0, 0, 0, 0.005, 0.004, 0, 0, 0, 0, 0.003
Node_ProtA26_ProtA45_0, 0.002, 0, 0.001, 0.001, 0.002, 0, 0.002, 0.002, 0
Node_ProtA30_ProtA35_0, 0, 0, 0.001, 0.001, 0, 0, 0, 0, 0.001
Node_ProtA34_Acid38_0, 0.001, 0, 0, 0, 0.001, 0.001, 0.001, 0.001, 0
Node_ProtA34_DesuB4_0, 0.001, 0, 0, 0.001, 0.001, 0, 0.001, 0.001, 0
Node_ProtA34_DesuC2_0, 0.001, 0, 0, 0, 0.001, 0, 0.001, 0.001, 0
Node_ProtA34_J088X1_0, 0.002, 0, 0, 0, 0.002, 0.001, 0.002, 0.002, 0
Node_ProtA34_Nitr14_0, 0.001, 0, 0.001, 0, 0.001, 0.001, 0.001, 0.001, 0
Node_ProtA34_ProtA13_0, 0, 0, 0.002, 0.002, 0, 0, 0, 0, 0
Node_ProtA34_ProtA16_0, 0.002, 0, 0.001, 0.001, 0.002, 0, 0.002, 0, 0.002
Node_ProtA34_ProtA18_0, 0.003, 0, 0, 0, 0.003, 0, 0.003, 0, 0.003
Node_ProtA34_ProtA26_0, 0.003, 0, 0.009, 0.002, 0.003, 0, 0.003, 0.003, 0
Node_ProtA34_ProtA38_0, 0.001, 0, 0.003, 0.002, 0.001, 0, 0.001, 0.001, 0.001
Node_ProtA34_ProtA39_0, 0, 0, 0.003, 0, 0, 0, 0, 0, 0
Node_ProtA34_ProtA40_0, 0.001, 0, 0.001, 0.001, 0.001, 0, 0.001, 0, 0.002
Node_ProtA34_ProtA43_0, 0.001, 0, 0.002, 0.002, 0.001, 0, 0.001, 0, 0.002
Node_ProtA34_ProtA9_0, 0.012, 0, 0, 0.004, 0.012, 0, 0.012, 0.001, 0.011
Node_ProtA34_ProtG30_0, 0.01, 0, 0, 0.001, 0.01, 0.008, 0.01, 0.01, 0
Node_ProtA34_ProtM1_0, 0, 0, 0.01, 0.001, 0, 0, 0, 0, 0
Node_ProtA34_SAR3X2_0, 0.001, 0, 0, 0, 0.001, 0, 0.001, 0.001, 0
Node_ProtA34_SM23X1_0, 0, 0, 0.001, 0.001, 0, 0, 0, 0, 0
Node_ProtA34_Spir10_0, 0.001, 0, 0, 0, 0.001, 0.001, 0.001, 0.001, 0
Node_ProtA34_UBA2X1_0, 0.001, 0, 0, 0.001, 0.001, 0, 0.001, 0.001, 0
Node_ProtA34_mitoFungi_0, 0.001, 0, 0, 0, 0.001, 0, 0.001, 0, 0.001
Node_ProtA38_ProtA15_0, 0, 0, 0.001, 0.001, 0, 0, 0, 0, 0
Node_ProtA38_ProtA41_0, 0, 0, 0.002, 0.002, 0, 0, 0, 0, 0.001
Node_ProtA38_ProtA64_0, 0.001, 0, 0, 0, 0.001, 0, 0.001, 0, 0.001
Node_ProtA39_ProtA30_0, 0, 0, 0.001, 0.001, 0, 0, 0, 0, 0.001
Node_ProtA39_ProtA36_0, 0, 0, 0.001, 0.001, 0, 0, 0, 0, 0.001
Node_ProtA3_ProtA72_0, 0.001, 0, 0.002, 0.002, 0.001, 0, 0.001, 0, 0.002
Node_ProtA3_ProtA76_0, 0.001, 0, 0.002, 0.003, 0.001, 0, 0.001, 0, 0.003
Node_ProtA40_ProtA67_0, 0, 0, 0.003, 0.003, 0, 0, 0, 0, 0.002
Node_ProtA46_ProtA55_0, 0, 0, 0.001, 0.001, 0, 0, 0, 0, 0.001
Node_ProtA47_ProtA63_0, 0.152, 0, 0.003, 0.004, 0.151, 0, 0.152, 0.017, 0.137
Node_ProtA53_ProtA58_0, 0.027, 0, 0.001, 0.006, 0.027, 0, 0.027, 0.003, 0.024
Node_ProtA56_ProtA52_0, 0, 0, 0.001, 0.001, 0, 0, 0, 0, 0.001
Node_ProtA68_ProtA2_0, 0, 0, 0.004, 0.003, 0, 0, 0, 0, 0.003
Node_ProtA69_ProtA50_0, 0, 0, 0.002, 0.001, 0, 0, 0, 0, 0
Node_ProtA76_ProtA47_0, 0.018, 0, 0, 0, 0.018, 0, 0.018, 0.002, 0.016
Node_ProtA76_ProtA48_0, 0.002, 0, 0.001, 0.001, 0.002, 0, 0.002, 0.001, 0.002
Node_ProtA76_ProtA62_0, 0.002, 0, 0.016, 0.001, 0.002, 0, 0.002, 0.002, 0
Node_ProtA76_ProtA71_0, 0, 0, 0.004, 0.003, 0, 0, 0, 0, 0.002
Node_ProtA77_ProtA31_0, 0.001, 0, 0, 0, 0.001, 0, 0.001, 0, 0.001
Node_ProtA77_ProtA51_0, 0, 0, 0.006, 0.011, 0, 0, 0, 0, 0.005
Node_ProtA9_ProtA60_0, 0.065, 0, 0, 0.02, 0.065, 0, 0.065, 0.012, 0.053
Node_ProtG12_ProtG5_0, 0.403, 0, 0.003, 0.017, 0.403, 0, 0.403, 0.247, 0.156
Node_ProtG16_ProtG17_0, 0.016, 0, 0.092, 0.051, 0.016, 0, 0.016, 0.015, 0.001
Node_ProtG18_ProtG10_0, 0.43, 0, 0.026, 0.021, 0.386, 0, 0.43, 0.249, 0.181
Node_ProtG18_ProtG12_0, 0.25, 0, 0.217, 0.01, 0.25, 0, 0.25, 0.213, 0.037
Node_ProtG18_ProtG14_0, 0.275, 0, 0.278, 0.072, 0.267, 0, 0.275, 0.249, 0.026
Node_ProtG18_ProtG21_0, 0.007, 0, 0.247, 0.016, 0.007, 0, 0.007, 0.007, 0.004
Node_ProtG24_ProtG18_0, 0.527, 0, 0.014, 0.096, 0.521, 0.001, 0.527, 0.369, 0.158
Node_ProtG25_ProtG9_0, 0.007, 0, 0.031, 0.022, 0.007, 0, 0.007, 0.006, 0.001
Node_ProtG29_ProtG76_0, 0.003, 0, 0.015, 0.008, 0.003, 0, 0.003, 0.003, 0.001
Node_ProtG30_ProtG19_0, 0.001, 0, 0.003, 0.001, 0.001, 0, 0.001, 0, 0.001
Node_ProtG30_ProtG31_0, 0.962, 0, 0.038, 0.041, 0.96, 0, 0.962, 0.959, 0.003
Node_ProtG30_ProtG34_0, 0.453, 0, 0.509, 0.111, 0.453, 0, 0.453, 0.453, 0
Node_ProtG30_ProtG35_0, 0.431, 0, 0.025, 0.066, 0.431, 0, 0.431, 0.428, 0.003
Node_ProtG30_ProtG39_0, 0.003, 0, 0.004, 0.003, 0.003, 0, 0.003, 0.001, 0.002
Node_ProtG30_ProtG42_0, 0.993, 0, 0.002, 0.036, 0.993, 0.001, 0.993, 0.993, 0
Node_ProtG30_ProtG49_0, 0.072, 0, 0.363, 0.109, 0.072, 0, 0.072, 0.072, 0
Node_ProtG30_ProtG50_0, 0.997, 0, 0, 0.044, 0.997, 0.003, 0.997, 0.996, 0.001
Node_ProtG30_ProtG64_0, 0.005, 0, 0.024, 0.012, 0.005, 0, 0.005, 0.005, 0
Node_ProtG30_ProtG71_0, 0.19, 0, 0, 0.021, 0.19, 0.142, 0.19, 0.19, 0
Node_ProtG30_ProtG80_0, 0.954, 0, 0, 0.062, 0.954, 0.751, 0.954, 0.941, 0.013
Node_ProtG30_ProtG84_0, 0.435, 0, 0.01, 0.056, 0.434, 0, 0.435, 0.421, 0.014
Node_ProtG30_ProtG85_0, 0.994, 0, 0.002, 0.071, 0.994, 0.039, 0.994, 0.992, 0.003
Node_ProtG30_ProtG87_0, 0.029, 0, 0.044, 0.027, 0.029, 0, 0.029, 0.029, 0.001
Node_ProtG30_ProtZ3_0, 0.048, 0, 0, 0.004, 0.048, 0.03, 0.048, 0.048, 0
Node_ProtG30_ProtZ5_0, 0.018, 0, 0, 0.002, 0.018, 0.008, 0.018, 0.018, 0
Node_ProtG31_ProtG16_0, 0.107, 0, 0.314, 0.109, 0.107, 0, 0.107, 0.098, 0.01
Node_ProtG31_ProtG32_0, 0.943, 0, 0.021, 0.046, 0.943, 0, 0.943, 0.941, 0.002
Node_ProtG31_ProtG36_0, 0.654, 0, 0.036, 0.119, 0.652, 0, 0.654, 0.648, 0.006
Node_ProtG31_ProtG44_0, 0.089, 0, 0.035, 0.056, 0.089, 0, 0.089, 0.072, 0.017
Node_ProtG31_ProtG45_0, 0.684, 0, 0.26, 0.145, 0.684, 0, 0.684, 0.683, 0.001
Node_ProtG31_ProtG47_0, 0.411, 0, 0.028, 0.073, 0.408, 0, 0.411, 0.39, 0.021
Node_ProtG31_ProtG61_0, 0.418, 0, 0.241, 0.136, 0.418, 0, 0.418, 0.413, 0.005
Node_ProtG32_ProtG26_0, 0.004, 0, 0.022, 0.012, 0.004, 0, 0.004, 0.003, 0.001
Node_ProtG32_ProtG33_0, 0.911, 0, 0.04, 0.054, 0.906, 0, 0.911, 0.903, 0.008
Node_ProtG32_ProtG37_0, 0.089, 0, 0.825, 0.087, 0.089, 0, 0.089, 0.089, 0.003
Node_ProtG32_ProtG43_0, 0.025, 0, 0.067, 0.05, 0.025, 0, 0.025, 0.024, 0.003
Node_ProtG33_ProtG48_0, 0.284, 0, 0.638, 0.233, 0.283, 0, 0.284, 0.282, 0.004
Node_ProtG33_ProtG67_0, 0.918, 0, 0.009, 0.036, 0.905, 0, 0.918, 0.902, 0.016
Node_ProtG33_ProtG7_0, 0.257, 0, 0.049, 0.268, 0.257, 0, 0.257, 0.236, 0.022
Node_ProtG35_ProtG81_0, 0.052, 0, 0.38, 0.108, 0.052, 0, 0.052, 0.052, 0.001
Node_ProtG36_ProtG20_0, 0.01, 0, 0.049, 0.031, 0.01, 0, 0.01, 0.01, 0.001
Node_ProtG36_ProtG24_0, 0.382, 0, 0.029, 0.077, 0.381, 0, 0.382, 0.348, 0.035
Node_ProtG36_ProtG38_0, 0.376, 0, 0.287, 0.158, 0.375, 0, 0.376, 0.367, 0.009
Node_ProtG36_ProtG65_0, 0.058, 0, 0.324, 0.113, 0.058, 0, 0.058, 0.058, 0
Node_ProtG37_ProtG41_0, 0.003, 0, 0.012, 0.01, 0.003, 0, 0.003, 0.002, 0.003
Node_ProtG37_ProtG51_0, 0.002, 0, 0.003, 0.002, 0.002, 0, 0.002, 0, 0.002
Node_ProtG37_ProtG53_0, 0.039, 0, 0.052, 0.061, 0.039, 0, 0.039, 0.039, 0.002
Node_ProtG37_ProtG8_0, 0.012, 0, 0.027, 0.02, 0.012, 0, 0.012, 0.012, 0
Node_ProtG38_ProtG28_0, 0.049, 0, 0.328, 0.075, 0.049, 0, 0.049, 0.048, 0.001
Node_ProtG38_ProtG46_0, 0.006, 0, 0.043, 0.02, 0.006, 0, 0.006, 0.006, 0
Node_ProtG39_ProtG15_0, 0.002, 0, 0.003, 0.004, 0.002, 0, 0.002, 0.001, 0.002
Node_ProtG41_ProtG40_0, 0.002, 0, 0.004, 0.005, 0.002, 0, 0.002, 0.001, 0.003
Node_ProtG42_ProtG74_0, 0.038, 0, 0.956, 0.129, 0.038, 0, 0.038, 0.038, 0.001
Node_ProtG43_ProtG55_0, 0.009, 0, 0.02, 0.023, 0.009, 0, 0.009, 0.007, 0.004
Node_ProtG44_ProtG22_0, 0.242, 0, 0.008, 0.111, 0.242, 0, 0.242, 0.082, 0.161
Node_ProtG45_ProtG66_0, 0.066, 0, 0.618, 0.162, 0.066, 0, 0.066, 0.066, 0
Node_ProtG45_ProtG75_0, 0.01, 0, 0.056, 0.03, 0.01, 0, 0.01, 0.01, 0
Node_ProtG47_ProtG62_0, 0.46, 0, 0.025, 0.076, 0.46, 0, 0.46, 0.387, 0.074
Node_ProtG48_ProtG1_0, 0.085, 0, 0.202, 0.158, 0.084, 0, 0.085, 0.082, 0.003
Node_ProtG48_ProtG25_0, 0.037, 0, 0.052, 0.041, 0.037, 0, 0.037, 0.034, 0.004
Node_ProtG48_ProtG6_0, 0.007, 0, 0.033, 0.018, 0.007, 0, 0.007, 0.005, 0.003
Node_ProtG49_ProtG29_0, 0.017, 0, 0.057, 0.038, 0.017, 0, 0.017, 0.016, 0.002
Node_ProtG53_ProtG27_0, 0.011, 0, 0.032, 0.023, 0.011, 0, 0.011, 0.01, 0.004
Node_ProtG53_ProtG70_0, 0.003, 0, 0.01, 0.009, 0.003, 0, 0.003, 0.003, 0.002
Node_ProtG58_ProtG59_0, 0.962, 0, 0.025, 0.894, 0.962, 0, 0.962, 0.961, 0.002
Node_ProtG59_ProtG73_0, 0.967, 0, 0, 0.222, 0.967, 0, 0.967, 0.962, 0.005
Node_ProtG61_ProtG60_0, 0, 0, 0.002, 0.002, 0, 0, 0, 0, 0
Node_ProtG61_ProtG72_0, 0.039, 0, 0.379, 0.09, 0.039, 0, 0.039, 0.039, 0
Node_ProtG61_ProtG78_0, 0.002, 0, 0.039, 0.021, 0.002, 0, 0.002, 0.002, 0.002
Node_ProtG62_ProtG77_0, 0.028, 0, 0.433, 0.116, 0.028, 0, 0.028, 0.028, 0.001
Node_ProtG65_ProtG69_0, 0.008, 0, 0.05, 0.039, 0.008, 0, 0.008, 0.008, 0
Node_ProtG66_ProtG68_0, 0.011, 0, 0.055, 0.043, 0.011, 0, 0.011, 0.011, 0
Node_ProtG67_ProtG63_0, 1.042, 0, 0.007, 0.037, 0.969, 0, 1.042, 0.911, 0.131
Node_ProtG80_ProtG57_0, 0.954, 0, 0.009, 0.073, 0.954, 0, 0.954, 0.945, 0.009
Node_ProtG81_ProtG79_0, 0.009, 0, 0.043, 0.032, 0.009, 0, 0.009, 0.009, 0
Node_ProtG83_ProtG52_0, 0.973, 0, 0.006, 0.016, 0.973, 0, 0.973, 0.967, 0.006
Node_ProtG83_ProtG89_0, 0.973, 0, 0.001, 0.17, 0.972, 0, 0.973, 0.608, 0.365
Node_ProtG84_ProtG11_0, 0.061, 0, 0.548, 0.154, 0.061, 0, 0.061, 0.061, 0
Node_ProtG84_ProtG83_0, 0.609, 0, 0.002, 0.086, 0.609, 0, 0.609, 0.467, 0.142
Node_ProtG84_ProtG90_0, 0.469, 0, 0.006, 0.056, 0.469, 0, 0.469, 0.429, 0.04
Node_ProtG85_ProtG56_0, 0.997, 0, 0.004, 0.041, 0.978, 0, 0.997, 0.977, 0.022
Node_ProtG85_ProtG58_0, 0.985, 0, 0.018, 0.048, 0.983, 0.001, 0.985, 0.977, 0.008
Node_ProtG85_ProtG86_0, 0.077, 0, 0.974, 0.032, 0.076, 0, 0.077, 0.024, 0.054
Node_ProtG85_ProtG88_0, 0.979, 0, 0.01, 0.034, 0.977, 0, 0.979, 0.977, 0.004
Node_ProtG85_ProtG91_0, 0.007, 0, 0.071, 0.016, 0.007, 0, 0.007, 0.007, 0.001
Node_ProtG86_ProtG82_0, 0.225, 0, 0.005, 0.069, 0.224, 0, 0.225, 0.073, 0.153
Node_ProtG87_ProtG3_0, 0.001, 0, 0.007, 0.004, 0.001, 0, 0.001, 0.001, 0.003
Node_ProtG87_ProtG4_0, 0.005, 0, 0.024, 0.018, 0.005, 0, 0.005, 0.005, 0
Node_ProtG89_ProtG13_0, 0.98, 0, 0.002, 0.018, 0.979, 0, 0.98, 0.971, 0.009
Node_ProtG90_ProtG54_0, 0.032, 0, 0.437, 0.12, 0.032, 0, 0.032, 0.032, 0
Node_ProtM1_ProtM2_0, 0.001, 0, 0.004, 0.005, 0.001, 0, 0.001, 0, 0.004
Node_ProtM1_ProtM3_0, 0.001, 0, 0.001, 0.002, 0.001, 0, 0.001, 0, 0.002
Node_ProtZ1_ProtZ4_0, 0.001, 0, 0.006, 0.004, 0.001, 0, 0.001, 0, 0.004
Node_ProtZ3_ProtZ1_0, 0.003, 0, 0.007, 0.006, 0.003, 0, 0.003, 0.001, 0.005
Node_ProtZ3_ProtZ2_0, 0.005, 0, 0.044, 0.006, 0.005, 0, 0.005, 0.005, 0.001
Node_SAR3X2_BMS3X1_0, 0, 0, 0.001, 0, 0, 0, 0, 0, 0
Node_SM23X1_KSB1X3_0, 0, 0, 0.001, 0.001, 0, 0, 0, 0, 0.001
Node_SM23X1_P4572X1_0, 0.001, 0, 0, 0, 0.001, 0.001, 0.001, 0.001, 0
Node_SM23X1_Zixi5_0, 0, 0, 0.001, 0.001, 0, 0, 0, 0, 0
Node_Spir10_Lind1_0, 0, 0, 0.001, 0, 0, 0, 0, 0, 0
Node_Spir13_Spir2_0, 0.001, 0, 0, 0.001, 0.001, 0, 0.001, 0, 0.001
Node_Sume1_UBP4X1_0, 0.002, 0, 0, 0, 0.002, 0, 0.002, 0, 0.002
Node_Syne1_Calda2_0, 0, 0, 0.001, 0.001, 0, 0.001, 0, 0, 0
Node_Syne1_Syne2_0, 0.002, 0, 0, 0, 0.002, 0, 0.002, 0, 0.002
Node_Syne2_Syne8_0, 0.001, 0, 0.003, 0.003, 0.001, 0, 0.001, 0, 0.002
Node_Syne4_Syne5_0, 0, 0, 0.002, 0.002, 0, 0, 0, 0, 0.002
Node_Syne7_Syne10_0, 0.001, 0, 0.001, 0.001, 0.001, 0, 0.001, 0, 0.002
Node_Syne8_Syne3_0, 0.001, 0, 0.007, 0.007, 0.001, 0, 0.001, 0, 0.007
Node_Therd1_Dict1_0, 0, 0, 0.002, 0.002, 0, 0, 0, 0, 0.001
Node_Therg2_Therg4_0, 0, 0, 0.002, 0.002, 0, 0, 0, 0, 0.002
Node_Therg3_Therg5_0, 0.002, 0, 0, 0, 0.002, 0, 0.002, 0, 0.002
Node_Therg8_Therg6_0, 0.002, 0, 0.001, 0.001, 0.002, 0, 0.002, 0, 0.003
Node_UBA1X2_UBA1X3_0, 0.001, 0, 0.001, 0.002, 0.001, 0, 0.001, 0, 0.002
Node_UBA1X2_UBA1X5_0, 0, 0, 0.005, 0.006, 0, 0, 0, 0, 0.004
Node_UBA1X5_UBA1X4_0, 0, 0, 0.003, 0.003, 0, 0, 0, 0, 0.003
Node_UBA1X6_UBA1X1_0, 0.001, 0, 0, 0, 0.001, 0, 0.001, 0, 0.001
Node_UBA1X6_UBA1X2_0, 0, 0, 0.002, 0.003, 0, 0, 0, 0, 0.002
Node_UBA2X1_Desua22_0, 0, 0, 0.001, 0, 0, 0, 0, 0, 0
Node_UBA2X1_Desua28_0, 0.001, 0, 0, 0.001, 0.001, 0, 0.001, 0, 0.001
Node_UBA2X1_SZUA2_0, 0, 0, 0.001, 0, 0, 0, 0, 0, 0
Node_UBA6X1_Elus1_0, 0, 0, 0.001, 0.001, 0, 0, 0, 0, 0.001
Node_UBA9X3_UBA9X2_0, 0.001, 0, 0, 0, 0.001, 0, 0.001, 0, 0.001
Node_Verr11_Aure2_0, 0.001, 0, 0, 0, 0.001, 0, 0.001, 0, 0.001
Node_Verr11_Verr12_0, 0.94, 0, 0.002, 0.009, 0.94, 0, 0.94, 0.923, 0.017
Node_Verr11_Verr14_0, 0.925, 0, 0.004, 0.069, 0.925, 0, 0.925, 0.164, 0.764
Node_Verr11_Verr7_0, 0.049, 0, 0, 0.037, 0.049, 0.001, 0.049, 0.029, 0.02
Node_Verr11_Verr8_0, 0.028, 0, 0.001, 0.011, 0.028, 0, 0.028, 0.001, 0.028
Node_Verr11_Verr9_0, 0.165, 0, 0.005, 0.01, 0.165, 0, 0.165, 0.044, 0.121
Node_Verr3_Verr10_0, 0.119, 0, 0.001, 0.008, 0.119, 0, 0.119, 0.039, 0.081
Node_Verr5_Verr6_0, 0, 0, 0.029, 0.002, 0, 0, 0, 0, 0.002
Node_Verr7_Verr13_0, 0.081, 0, 0.002, 0.017, 0.081, 0, 0.081, 0.048, 0.034
Node_Verr7_Verr2_0, 0.985, 0, 0.003, 0.304, 0.979, 0, 0.985, 0.081, 0.907
Node_Verr7_Verr4_0, 0.049, 0, 0.002, 0, 0.049, 0, 0.049, 0.047, 0.002
Node_Verr8_Verr3_0, 0.039, 0, 0.001, 0.004, 0.039, 0, 0.039, 0.027, 0.013
Node_Verr8_Verr5_0, 0.027, 0, 0.004, 0.002, 0.027, 0, 0.027, 0.024, 0.003
Node_Zixi2_Zixi1_0, 0.001, 0, 0, 0, 0.001, 0, 0.001, 0, 0.001
Node_Zixi4_Zixi3_0, 0, 0, 0.002, 0.002, 0, 0, 0, 0, 0.002
Node_chloroArabidopsis_chloroBryophyte_0, 0.001, 0, 0.001, 0.002, 0.001, 0, 0.001, 0, 0.002
Node_chloroArabidopsis_chloroLycophyte_0, 0, 0, 0.004, 0.006, 0, 0, 0, 0, 0.003
Node_mitoAnnelida_mitoChelicerate_0, 0.002, 0, 0.001, 0.002, 0.002, 0, 0.002, 0, 0.003
Node_mitoAnnelida_mitoMollusc_0, 0, 0, 0.002, 0.002, 0, 0, 0, 0, 0.002
Node_mitoAnnelida_mitoPriapulid_0, 0, 0, 0.004, 0.004, 0, 0, 0, 0, 0.002
Node_mitoArabidopsis_mitoLycophyte_0, 0.001, 0, 0.001, 0.002, 0.001, 0, 0.001, 0, 0.002
Node_mitoBryophyte_mitoExcavata_0, 0.001, 0, 0, 0, 0.001, 0, 0.001, 0.001, 0
Node_mitoBryophyte_mitoParamecium_0, 0, 0, 0.001, 0, 0, 0, 0, 0, 0
Node_mitoChelicerate_mitoInsect_0, 0, 0, 0.006, 0.004, 0, 0, 0, 0, 0.004
Node_mitoFungi_mitoAnnelida_0, 0, 0, 0.001, 0, 0, 0, 0, 0, 0
Node_mitoFungi_mitoBryophyte_0, 0.001, 0, 0, 0.001, 0.001, 0, 0.001, 0.001, 0
Omni2, 0, 0, 0.004, 0.005, 0, 0, 0, 0, 0.003
Omni3, 0, 0, 0.001, 0.002, 0, 0, 0, 0, 0
Omni4, 0, 0, 0.003, 0.004, 0, 0, 0, 0, 0.002
Omni6, 0, 0, 0.004, 0.008, 0, 0, 0, 0, 0.004
Omni7, 0, 0, 0.002, 0.001, 0, 0, 0, 0, 0.001
Omni8, 0, 0, 0.001, 0.001, 0, 0, 0, 0, 0.001
P4572X1, 0, 0, 0.002, 0.002, 0, 0, 0, 0, 0.002
Pate1, 0, 0, 0.005, 0.006, 0, 0, 0, 0, 0.005
Pate10, 0, 0, 0.006, 0.006, 0, 0, 0, 0, 0.005
Pate11, 0, 0, 0.004, 0.004, 0, 0, 0, 0, 0.004
Pate12, 0, 0, 0.005, 0.004, 0, 0, 0, 0, 0.004
Pate13, 0, 0, 0.001, 0.002, 0, 0, 0, 0, 0.001
Pate14, 0, 0, 0.001, 0.001, 0, 0, 0, 0, 0.001
Pate15, 0, 0, 0.002, 0.002, 0, 0, 0, 0, 0.001
Pate17, 0, 0, 0.004, 0.005, 0, 0, 0, 0, 0.003
Pate18, 0, 0, 0.002, 0.003, 0, 0, 0, 0, 0.002
Pate19, 0, 0, 0.002, 0.002, 0, 0, 0, 0, 0.001
Pate21, 0, 0, 0.001, 0.002, 0, 0, 0, 0, 0.001
Pate22, 0, 0, 0.003, 0.003, 0, 0, 0, 0, 0.003
Pate23, 0, 0, 0.004, 0.004, 0, 0, 0, 0, 0.004
Pate24, 0, 0, 0.002, 0.002, 0, 0, 0, 0, 0.002
Pate25, 0, 0, 0.002, 0.003, 0, 0, 0, 0, 0.002
Pate26, 0, 0, 0.004, 0.004, 0, 0, 0, 0, 0.003
Pate27, 0, 0, 0.002, 0.002, 0, 0, 0, 0, 0.002
Pate29, 0, 0, 0.004, 0.006, 0, 0, 0, 0, 0.003
Pate3, 0, 0, 0.005, 0.007, 0, 0, 0, 0, 0.005
Pate30, 0, 0, 0.003, 0.003, 0, 0, 0, 0, 0.003
Pate31, 0, 0, 0.004, 0.005, 0, 0, 0, 0, 0.003
Pate32, 0, 0, 0.004, 0.004, 0, 0, 0, 0, 0.004
Pate33, 0, 0, 0.001, 0.003, 0, 0, 0, 0, 0.001
Pate34, 0, 0, 0.002, 0.002, 0, 0, 0, 0, 0.002
Pate36, 0, 0, 0.004, 0.005, 0, 0, 0, 0, 0.004
Pate37, 0, 0, 0.002, 0.001, 0, 0, 0, 0, 0.001
Pate38, 0, 0, 0.006, 0.008, 0, 0, 0, 0, 0.006
Pate39, 0, 0, 0.002, 0.002, 0, 0, 0, 0, 0.002
Pate4, 0, 0, 0.001, 0.001, 0, 0, 0, 0, 0.001
Pate40, 0, 0, 0.004, 0.004, 0, 0, 0, 0, 0.004
Pate41, 0, 0, 0.001, 0.001, 0, 0, 0, 0, 0.001
Pate43, 0, 0, 0.002, 0.001, 0, 0, 0, 0, 0.001
Pate44, 0, 0, 0.004, 0.004, 0, 0, 0, 0, 0.003
Pate45, 0, 0, 0.003, 0.004, 0, 0, 0, 0, 0.003
Pate46, 0, 0, 0.003, 0.003, 0, 0, 0, 0, 0.003
Pate48, 0, 0, 0.002, 0.004, 0, 0, 0, 0, 0.002
Pate49, 0, 0, 0.004, 0.008, 0, 0, 0, 0, 0.004
Pate50, 0, 0, 0.003, 0.003, 0, 0, 0, 0, 0.003
Pate51, 0, 0, 0.003, 0.004, 0, 0, 0, 0, 0.003
Pate52, 0, 0, 0.003, 0.003, 0, 0, 0, 0, 0.002
Pate54, 0, 0, 0.002, 0.001, 0, 0, 0, 0, 0.001
Pate56, 0, 0, 0.002, 0.002, 0, 0, 0, 0, 0.002
Pate57, 0, 0, 0.005, 0.007, 0, 0, 0, 0, 0.004
Pate6, 0, 0, 0.005, 0.004, 0, 0, 0, 0, 0.004
Pate7, 0, 0, 0.001, 0.001, 0, 0, 0, 0, 0.001
Pate8, 0, 0, 0.004, 0.003, 0, 0, 0, 0, 0.003
Pate9, 0, 0, 0.002, 0.002, 0, 0, 0, 0, 0.002
Plan12, 0, 0, 0.005, 0.003, 0, 0, 0, 0, 0.003
Plan14, 0, 0, 0.001, 0.002, 0, 0, 0, 0, 0
Plan16, 0, 0, 0.003, 0.003, 0, 0, 0, 0, 0.003
Plan17, 0, 0, 0.002, 0.004, 0, 0, 0, 0, 0.002
Plan18, 0, 0, 0.003, 0.003, 0, 0, 0, 0, 0.003
Plan2, 0, 0, 0.001, 0, 0, 0, 0, 0, 0
Plan21, 0, 0, 0.002, 0.002, 0, 0, 0, 0, 0.002
Plan22, 0, 0, 0.002, 0.002, 0, 0, 0, 0, 0.001
Plan26, 0, 0, 0.003, 0.004, 0, 0, 0, 0, 0.003
Plan27, 0, 0, 0.004, 0.006, 0, 0, 0, 0, 0.004
Plan3, 0, 0, 0.005, 0.004, 0, 0, 0, 0, 0.003
Plan30, 0, 0, 0.003, 0.003, 0, 0, 0, 0, 0.002
Plan31, 0, 0, 0.004, 0.004, 0, 0, 0, 0, 0.004
Plan32, 0, 0, 0.004, 0.004, 0, 0, 0, 0, 0.002
Plan33, 0, 0, 0.002, 0.002, 0, 0, 0, 0, 0.002
Plan39, 0, 0, 0.004, 0.005, 0, 0, 0, 0, 0.004
Plan40, 0, 0, 0.003, 0.002, 0, 0, 0, 0, 0.002
Plan42, 0, 0, 0.002, 0.002, 0, 0, 0, 0, 0.001
Plan43, 0, 0, 0.005, 0.005, 0, 0, 0, 0, 0.003
Plan44, 0, 0, 0.001, 0.001, 0, 0, 0, 0, 0.001
Plan5, 0, 0, 0.001, 0.001, 0, 0, 0, 0, 0.001
Plan7, 0, 0, 0.005, 0.005, 0, 0, 0, 0, 0.005
Pori2, 0, 0, 0.002, 0.003, 0, 0, 0, 0, 0.002
ProtA10, 0, 0, 0.005, 0.005, 0, 0, 0, 0, 0.005
ProtA11, 0, 0, 0.002, 0.002, 0, 0, 0, 0, 0.002
ProtA12, 0, 0, 0.003, 0.002, 0, 0, 0, 0, 0.002
ProtA13, 0, 0, 0.003, 0.003, 0, 0, 0, 0, 0.003
ProtA14, 0, 0, 0.004, 0.006, 0, 0, 0, 0, 0.004
ProtA15, 0, 0, 0.002, 0.001, 0, 0, 0, 0, 0.001
ProtA16, 0, 0, 0.004, 0.005, 0, 0, 0, 0, 0.002
ProtA18, 0, 0, 0.003, 0.005, 0, 0, 0, 0, 0.003
ProtA19, 0, 0, 0.004, 0.005, 0, 0, 0, 0, 0.003
ProtA2, 0, 0, 0.001, 0.001, 0, 0, 0, 0, 0.001
ProtA24, 0, 0, 0.002, 0.002, 0, 0, 0, 0, 0.002
ProtA26, 0, 0, 0.005, 0.009, 0, 0, 0, 0, 0.005
ProtA27, 0, 0, 0.002, 0.004, 0, 0, 0, 0, 0.002
ProtA29, 0, 0, 0.003, 0.003, 0, 0, 0, 0, 0.003
ProtA3, 0, 0, 0.001, 0, 0, 0, 0, 0, 0
ProtA30, 0, 0, 0.001, 0.001, 0, 0, 0, 0, 0.001
ProtA31, 0, 0, 0.002, 0.001, 0, 0, 0, 0, 0.001
ProtA32, 0, 0, 0.002, 0.002, 0, 0, 0, 0, 0.002
ProtA33, 0, 0, 0.004, 0.003, 0, 0, 0, 0, 0.003
ProtA34, 0, 0, 0.002, 0.004, 0, 0, 0, 0, 0.001
ProtA35, 0, 0, 0.004, 0.004, 0, 0, 0, 0, 0.004
ProtA36, 0, 0, 0.002, 0.005, 0, 0, 0, 0, 0.002
ProtA37, 0, 0, 0.003, 0.004, 0, 0, 0, 0, 0.003
ProtA38, 0, 0, 0.004, 0.004, 0, 0, 0, 0, 0.004
ProtA40, 0, 0, 0.002, 0.003, 0, 0, 0, 0, 0.002
ProtA41, 0, 0, 0.002, 0.003, 0, 0, 0, 0, 0.002
ProtA42, 0, 0, 0.002, 0.003, 0, 0, 0, 0, 0.001
ProtA43, 0, 0, 0.004, 0.004, 0, 0, 0, 0, 0.003
ProtA44, 0, 0, 0.001, 0.001, 0, 0, 0, 0, 0.001
ProtA45, 0, 0, 0.005, 0.005, 0, 0, 0, 0, 0.003
ProtA46, 0, 0, 0.002, 0.002, 0, 0, 0, 0, 0.002
ProtA47, 0, 0, 0.152, 0.006, 0, 0, 0, 0, 0
ProtA48, 0, 0, 0.002, 0, 0, 0, 0, 0, 0
ProtA49, 0, 0, 0.003, 0.002, 0, 0, 0, 0, 0.002
ProtA5, 0, 0, 0.003, 0.005, 0, 0, 0, 0, 0.003
ProtA50, 0, 0, 0.003, 0.003, 0, 0, 0, 0, 0.003
ProtA51, 0, 0, 0.003, 0.005, 0, 0, 0, 0, 0.003
ProtA52, 0, 0, 0.002, 0.003, 0, 0, 0, 0, 0.002
ProtA53, 1, 0, 0, 0.553, 1, 0, 1, 0.027, 0.973
ProtA54, 0, 0, 0.002, 0.002, 0, 0, 0, 0, 0.001
ProtA55, 0, 0, 0.003, 0.005, 0, 0, 0, 0, 0.003
ProtA56, 0, 0, 0.003, 0.003, 0, 0, 0, 0, 0.003
ProtA57, 0, 0, 0.001, 0.001, 0, 0, 0, 0, 0.001
ProtA58, 0, 0, 0.029, 0.01, 0, 0, 0, 0, 0.002
ProtA60, 0, 0, 0.066, 0.021, 0, 0, 0, 0, 0.001
ProtA61, 0, 0, 0.003, 0.003, 0, 0, 0, 0, 0.003
ProtA62, 0, 0, 0.003, 0.002, 0, 0, 0, 0, 0.001
ProtA63, 1, 0, 0.006, 0.024, 1, 0, 1, 0.151, 0.854
ProtA64, 0, 0, 0.004, 0.003, 0, 0, 0, 0, 0.003
ProtA66, 0, 0, 0.002, 0.001, 0, 0, 0, 0, 0
ProtA67, 0, 0, 0.003, 0.003, 0, 0, 0, 0, 0.003
ProtA68, 0, 0, 0.002, 0.002, 0, 0, 0, 0, 0.002
ProtA69, 0, 0, 0.003, 0.003, 0, 0, 0, 0, 0.003
ProtA7, 0, 0, 0.004, 0.004, 0, 0, 0, 0, 0.004
ProtA70, 0, 0, 0.005, 0.007, 0, 0, 0, 0, 0.005
ProtA72, 0, 0, 0.002, 0.002, 0, 0, 0, 0, 0.001
ProtA74, 0, 0, 0.007, 0.009, 0, 0, 0, 0, 0.006
ProtA76, 0, 0, 0.001, 0.001, 0, 0, 0, 0, 0.001
ProtA77, 0, 0, 0.001, 0.001, 0, 0, 0, 0, 0.001
ProtA8, 0, 0, 0.006, 0.005, 0, 0, 0, 0, 0.003
ProtA9, 1, 0, 0.001, 0.274, 1, 0, 1, 0.064, 0.936
ProtG1, 0, 0, 0.087, 0.055, 0, 0, 0, 0, 0.002
ProtG10, 1, 0, 0.219, 0.021, 1, 0, 1, 0.215, 0.789
ProtG11, 0, 0, 0.062, 0.044, 0, 0, 0, 0, 0.001
ProtG12, 1, 0, 0.003, 0.059, 1, 0, 1, 0.402, 0.6
ProtG13, 0, 0, 0.98, 0.021, 0, 0, 0, 0, 0
ProtG14, 0, 0, 0.275, 0.019, 0, 0, 0, 0, 0
ProtG15, 0, 0, 0.004, 0.006, 0, 0, 0, 0, 0.002
ProtG16, 0, 0, 0.016, 0.01, 0, 0, 0, 0, 0
ProtG17, 0, 0, 0.018, 0.01, 0, 0, 0, 0, 0.002
ProtG18, 0, 0, 0.011, 0.011, 0, 0, 0, 0, 0.004
ProtG19, 0, 0, 0.001, 0, 0, 0, 0, 0, 0
ProtG20, 0, 0, 0.012, 0.01, 0, 0, 0, 0, 0.002
ProtG21, 0, 0, 0.009, 0.006, 0, 0, 0, 0, 0.002
ProtG22, 1, 0, 0.001, 0.395, 1, 0, 1, 0.242, 0.759
ProtG24, 1, 0, 0.023, 0.416, 1, 0, 1, 0.51, 0.496
ProtG25, 0, 0, 0.008, 0.005, 0, 0, 0, 0, 0.001
ProtG26, 0, 0, 0.005, 0.005, 0, 0, 0, 0, 0.001
ProtG27, 0, 0, 0.011, 0.008, 0, 0, 0, 0, 0
ProtG28, 0, 0, 0.051, 0.034, 0, 0, 0, 0, 0.002
ProtG29, 0, 0, 0.005, 0.006, 0, 0, 0, 0, 0.002
ProtG3, 0, 0, 0.002, 0.001, 0, 0, 0, 0, 0.001
ProtG30, 0, 0, 0.001, 0.001, 0, 0, 0, 0, 0
ProtG31, 0, 0, 0.089, 0.025, 0, 0, 0, 0, 0
ProtG32, 0, 0, 0.006, 0.003, 0, 0, 0, 0, 0.002
ProtG33, 1, 0, 0.015, 0.194, 1, 0, 1, 0.242, 0.758
ProtG34, 0, 0, 0.455, 0.126, 0, 0, 0, 0, 0.002
ProtG35, 0, 0, 0.052, 0.036, 0, 0, 0, 0, 0
ProtG36, 0, 0, 0.013, 0.008, 0, 0, 0, 0, 0.003
ProtG37, 0, 0, 0.002, 0.001, 0, 0, 0, 0, 0
ProtG38, 0, 0, 0.008, 0.004, 0, 0, 0, 0, 0.002
ProtG39, 0, 0, 0.004, 0.003, 0, 0, 0, 0, 0.002
ProtG4, 0, 0, 0.008, 0.007, 0, 0, 0, 0, 0.003
ProtG40, 0, 0, 0.004, 0.004, 0, 0, 0, 0, 0.002
ProtG41, 0, 0, 0.002, 0.002, 0, 0, 0, 0, 0
ProtG42, 0, 0, 0.04, 0.033, 0, 0, 0, 0, 0.002
ProtG43, 0, 0, 0.009, 0.007, 0, 0, 0, 0, 0
ProtG44, 0, 0, 0.242, 0.093, 0, 0, 0, 0, 0
ProtG45, 0, 0, 0.01, 0.005, 0, 0, 0, 0, 0
ProtG46, 0, 0, 0.008, 0.007, 0, 0, 0, 0, 0.002
ProtG47, 1, 0, 0.009, 0.344, 1, 0, 1, 0.455, 0.549
ProtG48, 0, 0, 0.008, 0.006, 0, 0, 0, 0, 0.001
ProtG49, 0, 0, 0.018, 0.014, 0, 0, 0, 0, 0.001
ProtG5, 0, 0, 0.405, 0.035, 0, 0, 0, 0, 0.002
ProtG50, 1, 0, 0.004, 0.927, 1, 0, 1, 0.995, 0.007
ProtG51, 0, 0, 0.004, 0.003, 0, 0, 0, 0, 0.002
ProtG52, 0, 0, 0.976, 0.021, 0, 0, 0, 0, 0.003
ProtG53, 0, 0, 0.003, 0.004, 0, 0, 0, 0, 0
ProtG54, 0, 0, 0.033, 0.018, 0, 0, 0, 0, 0.001
ProtG55, 0, 0, 0.009, 0.004, 0, 0, 0, 0, 0
ProtG56, 1, 0, 0.02, 0.017, 1, 0, 1, 0.978, 0.023
ProtG57, 0, 0, 0.958, 0.091, 0, 0, 0, 0, 0.004
ProtG58, 0, 0, 0.963, 0.215, 0, 0, 0, 0, 0.001
ProtG59, 0, 0, 0.968, 0.223, 0, 0, 0, 0, 0.001
ProtG6, 0, 0, 0.008, 0.004, 0, 0, 0, 0, 0.001
ProtG60, 0, 0, 0.002, 0.003, 0, 0, 0, 0, 0.002
ProtG61, 0, 0, 0.001, 0.001, 0, 0, 0, 0, 0.001
ProtG62, 0, 0, 0.028, 0.014, 0, 0, 0, 0, 0
ProtG63, 1, 0, 0.371, 0.471, 1, 0, 1, 0.673, 0.329
ProtG64, 0, 0, 0.01, 0.009, 0, 0, 0, 0, 0.005
ProtG65, 0, 0, 0.009, 0.009, 0, 0, 0, 0, 0.001
ProtG66, 0, 0, 0.013, 0.009, 0, 0, 0, 0, 0.002
ProtG67, 1, 0, 0.136, 0.625, 1, 0, 1, 0.906, 0.094
ProtG68, 0, 0, 0.015, 0.012, 0, 0, 0, 0, 0.004
ProtG69, 0, 0, 0.011, 0.007, 0, 0, 0, 0, 0.003
ProtG7, 0, 0, 0.259, 0.101, 0, 0, 0, 0, 0.002
ProtG70, 0, 0, 0.004, 0.003, 0, 0, 0, 0, 0.001
ProtG71, 0, 0, 0.19, 0.024, 0, 0, 0, 0, 0
ProtG72, 0, 0, 0.041, 0.034, 0, 0, 0, 0, 0.002
ProtG73, 1, 0, 0.003, 0.256, 1, 0, 1, 0.966, 0.036
ProtG74, 0, 0, 0.043, 0.045, 0, 0, 0, 0, 0.005
ProtG75, 0, 0, 0.01, 0.007, 0, 0, 0, 0, 0
ProtG76, 0, 0, 0.006, 0.005, 0, 0, 0, 0, 0.003
ProtG77, 0, 0, 0.029, 0.021, 0, 0, 0, 0, 0.001
ProtG78, 0, 0, 0.003, 0.002, 0, 0, 0, 0, 0.001
ProtG79, 0, 0, 0.011, 0.011, 0, 0, 0, 0, 0.002
ProtG8, 0, 0, 0.012, 0.007, 0, 0, 0, 0, 0
ProtG80, 1, 0, 0.002, 0.09, 1, 0, 1, 0.953, 0.048
ProtG81, 0, 0, 0.011, 0.01, 0, 0, 0, 0, 0.002
ProtG82, 1, 0, 0.002, 0.321, 1, 0, 1, 0.224, 0.777
ProtG83, 1, 0, 0.004, 0.03, 1, 0, 1, 0.973, 0.031
ProtG84, 0, 0, 0.063, 0.055, 0, 0, 0, 0, 0.002
ProtG85, 0, 0, 0.007, 0.004, 0, 0, 0, 0, 0
ProtG86, 0, 0, 0.225, 0.048, 0, 0, 0, 0, 0
ProtG87, 0, 0, 0.002, 0.002, 0, 0, 0, 0, 0.001
ProtG88, 0, 0, 0.98, 0.05, 0, 0, 0, 0, 0.001
ProtG89, 1, 0, 0.004, 0.028, 1, 0, 1, 0.979, 0.024
ProtG9, 0, 0, 0.007, 0.004, 0, 0, 0, 0, 0
ProtG90, 0, 0, 0.033, 0.026, 0, 0, 0, 0, 0.001
ProtG91, 0, 0, 0.01, 0.006, 0, 0, 0, 0, 0.003
ProtM1, 0, 0, 0.002, 0.001, 0, 0, 0, 0, 0.001
ProtM2, 0, 0, 0.002, 0.002, 0, 0, 0, 0, 0.001
ProtM3, 0, 0, 0.003, 0.003, 0, 0, 0, 0, 0.002
ProtZ1, 0, 0, 0.003, 0.002, 0, 0, 0, 0, 0.002
ProtZ2, 0, 0, 0.006, 0.004, 0, 0, 0, 0, 0.001
ProtZ3, 0, 0, 0.004, 0.004, 0, 0, 0, 0, 0.001
ProtZ4, 0, 0, 0.001, 0.001, 0, 0, 0, 0, 0
ProtZ5, 0, 0, 0.021, 0.009, 0, 0, 0, 0, 0.003
RBG1, 0, 0, 0.003, 0.003, 0, 0, 0, 0, 0.003
Rifl1, 0, 0, 0.002, 0.003, 0, 0, 0, 0, 0.002
SAR3X1, 0, 0, 0.003, 0.003, 0, 0, 0, 0, 0.003
SAR3X2, 0, 0, 0.001, 0.001, 0, 0, 0, 0, 0.001
SLNR1, 0, 0, 0.001, 0.001, 0, 0, 0, 0, 0
SM23X1, 0, 0, 0.002, 0.002, 0, 0, 0, 0, 0.002
SZUA1, 0, 0, 0.001, 0.001, 0, 0, 0, 0, 0.001
SZUA2, 0, 0, 0.005, 0.007, 0, 0, 0, 0, 0.005
Sche1, 0, 0, 0.002, 0.002, 0, 0, 0, 0, 0.001
Spir10, 0, 0, 0.001, 0.001, 0, 0, 0, 0, 0.001
Spir11, 0, 0, 0.005, 0.005, 0, 0.002, 0, 0, 0.003
Spir12, 0, 0, 0.002, 0.003, 0, 0, 0, 0, 0.002
Spir13, 0, 0, 0.004, 0.003, 0, 0, 0, 0, 0.003
Spir15, 0, 0, 0.003, 0.003, 0, 0, 0, 0, 0.003
Spir2, 0, 0, 0.002, 0.002, 0, 0, 0, 0, 0.001
Spir3, 0, 0, 0.001, 0.002, 0, 0, 0, 0, 0.001
Spir4, 0, 0, 0.001, 0.002, 0, 0, 0, 0, 0.001
Spir8, 0, 0, 0.003, 0.004, 0, 0, 0, 0, 0.003
Spir9, 0, 0, 0.001, 0.001, 0, 0, 0, 0, 0.001
Sume1, 0, 0, 0.004, 0.003, 0, 0, 0, 0, 0.002
Syne1, 0, 0, 0.002, 0, 0, 0, 0, 0, 0
Syne10, 0, 0, 0.003, 0.003, 0, 0, 0, 0, 0.002
Syne2, 0, 0, 0.001, 0.001, 0, 0, 0, 0, 0
Syne3, 0, 0, 0.004, 0.004, 0, 0, 0, 0, 0.003
Syne4, 0, 0, 0.002, 0.003, 0, 0, 0, 0, 0.002
Syne5, 0, 0, 0.001, 0.001, 0, 0, 0, 0, 0.001
Syne6, 0, 0, 0.002, 0.002, 0, 0, 0, 0, 0.002
Syne7, 0, 0, 0.004, 0.004, 0, 0, 0, 0, 0.003
Syne8, 0, 0, 0.003, 0.005, 0, 0, 0, 0, 0.002
Syne9, 0, 0, 0.003, 0.004, 0, 0, 0, 0, 0.003
TA06A1, 0, 0, 0.003, 0.005, 0, 0, 0, 0, 0.003
TA06X1, 0, 0, 0.002, 0.002, 0, 0, 0, 0, 0.002
Therd1, 0, 0, 0.003, 0.003, 0, 0, 0, 0, 0.003
Therg3, 0, 0, 0.005, 0.005, 0, 0, 0, 0, 0.003
Therg4, 0, 0, 0.001, 0.001, 0, 0, 0, 0, 0.001
Therg5, 0, 0, 0.004, 0.003, 0, 0, 0, 0, 0.002
Therg6, 0, 0, 0.004, 0.004, 0, 0, 0, 0, 0.002
Therg8, 0, 0, 0.007, 0.007, 0, 0, 0, 0, 0.005
Thers1, 0, 0, 0.001, 0.001, 0, 0, 0, 0, 0.001
UBA1X1, 0, 0, 0.003, 0.002, 0, 0, 0, 0, 0.002
UBA1X2, 0, 0, 0.002, 0.003, 0, 0, 0, 0, 0.002
UBA1X3, 0, 0, 0.006, 0.007, 0, 0, 0, 0, 0.005
UBA1X4, 0, 0, 0.001, 0.001, 0, 0, 0, 0, 0.001
UBA1X6, 0, 0, 0.004, 0.006, 0, 0, 0, 0, 0.003
UBA2X1, 0, 0, 0.003, 0.005, 0, 0, 0, 0, 0.003
UBA6X1, 0, 0, 0.004, 0.005, 0, 0, 0, 0, 0.004
UBA9X1, 0, 0, 0.003, 0.003, 0, 0, 0, 0, 0.003
UBA9X2, 0, 0, 0.007, 0.011, 0, 0, 0, 0, 0.006
UBA9X3, 0, 0, 0.004, 0.004, 0, 0, 0, 0, 0.003
UBP13X1, 0, 0, 0.003, 0.003, 0, 0, 0, 0, 0.003
UBP14X1, 0, 0, 0.005, 0.006, 0, 0, 0, 0, 0.005
UBP4X1, 0, 0, 0.005, 0.004, 0, 0, 0, 0, 0.003
UBP6X1, 0, 0, 0.003, 0.003, 0, 0, 0, 0, 0.003
Verr10, 1, 0, 0.004, 0.49, 1, 0, 1, 0.118, 0.885
Verr11, 0, 0, 0.94, 0.004, 0, 0, 0, 0, 0
Verr12, 1, 0, 0, 0.036, 1, 0, 1, 0.94, 0.06
Verr13, 0, 0, 0.082, 0.007, 0, 0, 0, 0, 0.001
Verr14, 1, 0, 0.002, 0.036, 1, 0, 1, 0.925, 0.077
Verr2, 1, 0, 0.022, 0.937, 1, 0, 1, 0.964, 0.037
Verr3, 0, 0, 0.122, 0.017, 0, 0, 0, 0, 0.003
Verr4, 0, 0, 0.05, 0.003, 0, 0, 0, 0, 0.001
Verr5, 0, 0, 0.005, 0.005, 0, 0, 0, 0, 0.005
Verr6, 0, 0, 0.001, 0.001, 0, 0, 0, 0, 0.001
Verr7, 1, 0, 0.009, 0.224, 1, 0, 1, 0.977, 0.024
Verr8, 0, 0, 0.041, 0.006, 0, 0, 0, 0, 0.002
Verr9, 0, 0, 0.165, 0.013, 0, 0, 0, 0, 0
WOR1, 0, 0, 0.001, 0.001, 0, 0, 0, 0, 0.001
WOR2, 0, 0, 0.002, 0.002, 0, 0, 0, 0, 0.002
WOR3, 0, 0, 0.006, 0.006, 0, 0, 0, 0, 0.006
WOR4, 0, 0, 0.002, 0.002, 0, 0, 0, 0, 0.002
WOR6, 0, 0, 0.001, 0.003, 0, 0, 0, 0, 0.001
WOR7, 0, 0, 0.002, 0.002, 0, 0, 0, 0, 0.002
Wall1, 0, 0, 0.002, 0.003, 0, 0, 0, 0, 0.002
Zixi1, 0, 0, 0.001, 0, 0, 0, 0, 0, 0
Zixi2, 0, 0, 0.004, 0.004, 0, 0, 0, 0, 0.003
Zixi3, 0, 0, 0.003, 0.005, 0, 0, 0, 0, 0.003
Zixi4, 0, 0, 0.002, 0.006, 0, 0, 0, 0, 0.002
Zixi5, 0, 0, 0.002, 0.002, 0, 0, 0, 0, 0.002
chloroArabidopsis, 0, 0, 0.002, 0.002, 0, 0, 0, 0, 0.002
chloroBryophyte, 0, 0, 0.004, 0.006, 0, 0, 0, 0, 0.003
chloroChlorophyta, 0, 0, 0.004, 0.005, 0, 0, 0, 0, 0.004
chloroRedAlgae, 0, 0, 0.002, 0.002, 0, 0, 0, 0, 0.002
mitoAnnelida, 0, 0, 0.002, 0.004, 0, 0, 0, 0, 0.002
mitoArabidopsis, 0, 0, 0.002, 0.002, 0, 0, 0, 0, 0.001
mitoBryophyte, 0, 0, 0.002, 0.002, 0, 0, 0, 0, 0.002
mitoChlorophyta, 0, 0, 0.003, 0.004, 0, 0, 0, 0, 0.003
mitoExcavata, 0, 0, 0.002, 0.002, 0, 0, 0, 0, 0.001
mitoInsect, 0, 0, 0.001, 0.002, 0, 0, 0, 0, 0.001
mitoLycophyte, 0, 0, 0.002, 0.001, 0, 0, 0, 0, 0.001
mitoMollusc, 0, 0, 0.001, 0.002, 0, 0, 0, 0, 0.001
mitoParamecium, 0, 0, 0.002, 0.002, 0, 0, 0, 0, 0.002
mitoPriapulid, 0, 0, 0.001, 0.001, 0, 0, 0, 0, 0.001
mitoRedAlgae, 0, 0, 0.003, 0.003, 0, 0, 0, 0, 0.003
