species_label, speciations, duplications, losses, transfers, presence, origination, copies, singletons, transfers_to
AABM5X1, 0, 0, 0.002, 0.003, 0, 0, 0, 0, 0.002
AABM5X2, 0, 0, 0.004, 0.005, 0, 0, 0, 0, 0.004
AABM5X3, 0, 0, 0.002, 0.003, 0, 0, 0, 0, 0.002
Abys1, 0, 0, 0.002, 0.002, 0, 0, 0, 0, 0.002
Acid1, 0, 0, 0.001, 0.002, 0, 0, 0, 0, 0.001
Acid10, 0, 0, 0.002, 0.003, 0, 0, 0, 0, 0.002
Acid11, 0, 0, 0.002, 0.001, 0, 0, 0, 0, 0.001
Acid13, 0, 0, 0.003, 0.003, 0, 0, 0, 0, 0.003
Acid14, 0, 0, 0.002, 0.002, 0, 0, 0, 0, 0.002
Acid16, 0, 0, 0.003, 0.004, 0, 0, 0, 0, 0.003
Acid17, 0, 0, 0.002, 0.004, 0, 0, 0, 0, 0.002
Acid18, 0, 0, 0.003, 0.003, 0, 0, 0, 0, 0.003
Acid2, 0, 0, 0.003, 0.004, 0, 0, 0, 0, 0.003
Acid20, 0, 0, 0.001, 0.001, 0, 0, 0, 0, 0.001
Acid21, 0, 0, 0.004, 0.005, 0, 0, 0, 0, 0.003
Acid22, 0, 0, 0.001, 0.001, 0, 0, 0, 0, 0.001
Acid23, 0, 0, 0.002, 0.002, 0, 0, 0, 0, 0.002
Acid24, 0, 0, 0.001, 0.001, 0, 0, 0, 0, 0.001
Acid25, 0, 0, 0.003, 0.003, 0, 0, 0, 0, 0.003
Acid26, 0, 0, 0.001, 0.001, 0, 0, 0, 0, 0.001
Acid27, 0, 0, 0.001, 0.001, 0, 0, 0, 0, 0.001
Acid29, 0, 0, 0.001, 0.001, 0, 0, 0, 0, 0.001
Acid3, 0, 0, 0.001, 0.001, 0, 0, 0, 0, 0.001
Acid31, 0, 0, 0.001, 0.001, 0, 0, 0, 0, 0
Acid32, 0, 0, 0.002, 0.002, 0, 0, 0, 0, 0.002
Acid33, 0, 0, 0.001, 0.001, 0, 0, 0, 0, 0.001
Acid34, 0, 0, 0.001, 0.001, 0, 0, 0, 0, 0
Acid35, 0, 0, 0.001, 0.002, 0, 0, 0, 0, 0.001
Acid36, 0, 0, 0.002, 0.002, 0, 0, 0, 0, 0.002
Acid37, 0, 0, 0.002, 0.002, 0, 0, 0, 0, 0.002
Acid38, 0, 0, 0.001, 0.001, 0, 0, 0, 0, 0.001
Acid39, 0, 0, 0.001, 0.001, 0, 0, 0, 0, 0.001
Acid4, 0, 0, 0.001, 0.002, 0, 0, 0, 0, 0.001
Acid5, 0, 0, 0.004, 0.005, 0, 0, 0, 0, 0.004
Acid6, 0, 0, 0.002, 0.002, 0, 0, 0, 0, 0.002
Acid7, 0, 0, 0.002, 0.001, 0, 0, 0, 0, 0
Acid8, 0, 0, 0.006, 0.005, 0, 0, 0, 0, 0.005
Acid9, 0, 0, 0.003, 0.006, 0, 0, 0, 0, 0.003
Acti10, 0, 0, 0.002, 0.002, 0, 0, 0, 0, 0.002
Acti11, 0, 0, 0.001, 0.001, 0, 0, 0, 0, 0.001
Acti12, 0, 0, 0.002, 0.002, 0, 0, 0, 0, 0.002
Acti13, 0, 0, 0.007, 0.006, 0, 0, 0, 0, 0.002
Acti14, 0, 0, 0.004, 0.003, 0, 0, 0, 0, 0.003
Acti15, 0, 0, 0.72, 0.004, 0, 0, 0, 0, 0.001
Acti16, 0, 0, 0.001, 0.001, 0, 0, 0, 0, 0.001
Acti18, 0, 0, 0.001, 0.001, 0, 0, 0, 0, 0.001
Acti19, 0, 0, 0.003, 0.002, 0, 0, 0, 0, 0.002
Acti2, 0, 0, 0.005, 0.007, 0, 0, 0, 0, 0.003
Acti20, 0, 0, 0.001, 0.001, 0, 0, 0, 0, 0.001
Acti22, 0, 0, 0.003, 0.003, 0, 0, 0, 0, 0.003
Acti23, 0, 0, 0.001, 0.001, 0, 0, 0, 0, 0
Acti25, 0, 0, 0.002, 0.002, 0, 0, 0, 0, 0.002
Acti26, 0, 0, 0.001, 0.002, 0, 0, 0, 0, 0.001
Acti27, 0, 0, 0.002, 0.002, 0, 0, 0, 0, 0.002
Acti28, 0, 0, 0.003, 0.003, 0, 0, 0, 0, 0.002
Acti29, 0, 0, 0.003, 0.003, 0, 0, 0, 0, 0.003
Acti3, 0, 0, 0.002, 0.003, 0, 0, 0, 0, 0.002
Acti31, 0, 0, 0.002, 0.001, 0, 0, 0, 0, 0.001
Acti32, 0, 0, 0.009, 0.006, 0, 0, 0, 0, 0
Acti33, 0, 0, 0.001, 0.001, 0, 0, 0, 0, 0
Acti34, 0, 0, 0.001, 0.001, 0, 0, 0, 0, 0.001
Acti35, 0, 0, 0.001, 0.001, 0, 0, 0, 0, 0
Acti36, 0, 0, 0.001, 0.001, 0, 0, 0, 0, 0.001
Acti37, 0, 0, 0.003, 0.004, 0, 0, 0, 0, 0.003
Acti38, 1, 0, 0.002, 0.113, 1, 0, 1, 0.791, 0.21
Acti39, 0, 0, 0.002, 0.002, 0, 0, 0, 0, 0.001
Acti4, 0, 0, 0.001, 0.001, 0, 0, 0, 0, 0.001
Acti40, 1, 0, 0.001, 0.089, 1, 0, 1, 0.718, 0.283
Acti41, 0, 0, 0.002, 0.003, 0, 0, 0, 0, 0.002
Acti42, 0, 0, 0.006, 0.003, 0, 0, 0, 0, 0.002
Acti43, 0, 0, 0.003, 0.003, 0, 0, 0, 0, 0.003
Acti44, 0, 0, 0.003, 0.002, 0, 0, 0, 0, 0.002
Acti45, 0, 0, 0.001, 0.001, 0, 0, 0, 0, 0
Acti46, 0, 0, 0.002, 0.002, 0, 0, 0, 0, 0.002
Acti47, 0, 0, 0.001, 0.002, 0, 0, 0, 0, 0
Acti48, 0, 0, 0.002, 0.002, 0, 0, 0, 0, 0.001
Acti49, 0, 0, 0.011, 0.006, 0, 0, 0, 0, 0.002
Acti5, 0, 0, 0.003, 0.004, 0, 0, 0, 0, 0.003
Acti50, 0, 0, 0.001, 0, 0, 0, 0, 0, 0
Acti51, 0, 0, 0.001, 0.001, 0, 0, 0, 0, 0.001
Acti52, 0, 0, 0.003, 0.004, 0, 0, 0, 0, 0.002
Acti6, 0, 0, 0.003, 0.003, 0, 0, 0, 0, 0.002
Acti7, 0, 0, 0.004, 0.005, 0, 0, 0, 0, 0.004
Acti8, 0, 0, 0.001, 0.001, 0, 0, 0, 0, 0.001
Acti9, 0, 0, 0.003, 0.004, 0, 0, 0, 0, 0.003
Aero1, 0, 0, 0.002, 0.003, 0, 0, 0, 0, 0.002
Aqui2, 0, 0, 0.003, 0.003, 0, 0, 0, 0, 0.003
Aqui3, 0, 0, 0.002, 0.002, 0, 0, 0, 0, 0.002
Aqui4, 0, 0, 0.003, 0.003, 0, 0, 0, 0, 0.003
Aqui5, 0, 0, 0.002, 0.002, 0, 0, 0, 0, 0.002
Aqui6, 0, 0, 0.002, 0.002, 0, 0, 0, 0, 0.002
Arma11, 0, 0, 0.003, 0.004, 0, 0, 0, 0, 0.003
Arma12, 0, 0, 0.002, 0.003, 0, 0, 0, 0, 0.002
Arma13, 0, 0, 0.001, 0.001, 0, 0, 0, 0, 0.001
Arma14, 0, 0, 0.002, 0.001, 0, 0, 0, 0, 0.001
Arma16, 0, 0, 0.004, 0.003, 0, 0, 0, 0, 0.002
Arma3, 0, 0, 0.002, 0.001, 0, 0, 0, 0, 0.001
Arma4, 0, 0, 0.003, 0.003, 0, 0, 0, 0, 0.002
Arma6, 0, 0, 0.001, 0.001, 0, 0, 0, 0, 0
Arma7, 0, 0, 0.002, 0.002, 0, 0, 0, 0, 0.002
Arma9, 0, 0, 0.001, 0.001, 0, 0, 0, 0, 0.001
Aure1, 0, 0, 0.004, 0.003, 0, 0, 0, 0, 0.002
Aure2, 0, 0, 0.005, 0.009, 0, 0, 0, 0, 0.003
Aure3, 0, 0, 0.004, 0.004, 0, 0, 0, 0, 0.003
B130X1, 0, 0, 0.001, 0.001, 0, 0, 0, 0, 0.001
BMS3X1, 0, 0, 0.002, 0.002, 0, 0, 0, 0, 0.002
Bact1, 0, 0, 0.003, 0.002, 0, 0, 0, 0, 0.001
Bact10, 0, 0, 0.002, 0.002, 0, 0, 0, 0, 0.002
Bact11, 0, 0, 0.006, 0.005, 0, 0, 0, 0, 0.004
Bact12, 0, 0, 0.003, 0.006, 0, 0, 0, 0, 0.002
Bact13, 0, 0, 0.003, 0.004, 0, 0, 0, 0, 0.003
Bact14, 0, 0, 0.001, 0, 0, 0, 0, 0, 0
Bact16, 0, 0, 0.001, 0.001, 0, 0, 0, 0, 0.001
Bact17, 0, 0, 0.002, 0.002, 0, 0, 0, 0, 0.001
Bact18, 0, 0, 0.004, 0.005, 0, 0, 0, 0, 0.002
Bact19, 0, 0, 0.057, 0.012, 0, 0, 0, 0, 0.002
Bact2, 0, 0, 0.001, 0.001, 0, 0, 0, 0, 0.001
Bact20, 0, 0, 0.003, 0.002, 0, 0, 0, 0, 0.002
Bact21, 0, 0, 0.13, 0.021, 0, 0, 0, 0, 0
Bact22, 0, 0, 0.001, 0.001, 0, 0, 0, 0, 0.001
Bact23, 0, 0, 0.001, 0.001, 0, 0, 0, 0, 0.001
Bact24, 0, 0, 0.002, 0.002, 0, 0, 0, 0, 0.002
Bact25, 0, 0, 0.003, 0.005, 0, 0, 0, 0, 0.003
Bact27, 1, 0, 0.015, 0.683, 1, 0, 1, 0.966, 0.035
Bact28, 0, 0, 0.001, 0.003, 0, 0, 0, 0, 0.001
Bact29, 1, 0, 0.001, 0.001, 1, 0, 1, 0.998, 0.003
Bact3, 0, 0, 0.003, 0.003, 0, 0, 0, 0, 0.002
Bact30, 0, 0, 0.001, 0.001, 0, 0, 0, 0, 0.001
Bact31, 0, 0, 0.001, 0.002, 0, 0, 0, 0, 0.001
Bact32, 0, 0, 0.004, 0.006, 0, 0, 0, 0, 0.004
Bact33, 0, 0, 0.002, 0.002, 0, 0, 0, 0, 0.002
Bact35, 0, 0, 0.237, 0.061, 0, 0, 0, 0, 0
Bact38, 0, 0, 0.001, 0.001, 0, 0, 0, 0, 0.001
Bact39, 0, 0, 0.003, 0.004, 0, 0, 0, 0, 0.003
Bact4, 0, 0, 0.002, 0.003, 0, 0, 0, 0, 0.002
Bact40, 1, 0, 0.008, 0.038, 1, 0, 1, 0.993, 0.007
Bact41, 1, 0, 0.009, 0.007, 1, 0, 1, 0.995, 0.008
Bact42, 0, 0, 0.002, 0.002, 0, 0, 0, 0, 0.002
Bact43, 0, 0, 0.001, 0.001, 0, 0, 0, 0, 0.001
Bact44, 0, 0, 0.004, 0.002, 0, 0, 0, 0, 0.001
Bact5, 0, 0, 0.001, 0.001, 0, 0, 0, 0, 0.001
Bact6, 0, 0, 0.003, 0.002, 0, 0, 0, 0, 0.002
Bact7, 0, 0, 0.001, 0, 0, 0, 0, 0, 0
Bact8, 0, 0, 0.005, 0.007, 0, 0, 0, 0, 0.004
Bact9, 1, 0, 0, 0.001, 1, 0, 1, 0.998, 0.002
Bdell10, 0, 0, 0.007, 0.004, 0, 0, 0, 0, 0.004
Bdell11, 0, 0, 0.001, 0.001, 0, 0, 0, 0, 0.001
Bdell12, 0, 0, 0.001, 0, 0, 0, 0, 0, 0
Bdell13, 0, 0, 0.001, 0.002, 0, 0, 0, 0, 0.001
Bdell14, 0, 0, 0.001, 0.001, 0, 0, 0, 0, 0.001
Bdell15, 0, 0, 0.003, 0.003, 0, 0, 0, 0, 0.001
Bdell2, 0, 0, 0.005, 0.005, 0, 0, 0, 0, 0.002
Bdell3, 0, 0, 0.003, 0.004, 0, 0, 0, 0, 0.002
Bdell4, 0, 0, 0.001, 0.002, 0, 0, 0, 0, 0.001
Bdell5, 0, 0, 0.001, 0, 0, 0, 0, 0, 0
Bdell6, 0, 0, 0.004, 0.003, 0, 0, 0, 0, 0.003
Bdell7, 0, 0, 0.004, 0.005, 0, 0, 0, 0, 0.003
Bdell9, 0, 0, 0.003, 0.002, 0, 0, 0, 0, 0.001
BdellC1, 0, 0, 0.001, 0.001, 0, 0, 0, 0, 0.001
BdellC2, 0, 0, 0.002, 0.002, 0, 0, 0, 0, 0.002
Bipo1, 0, 0, 0.002, 0.002, 0, 0, 0, 0, 0.002
Bipo2, 0, 0, 0.002, 0.002, 0, 0, 0, 0, 0.002
CG267X1, 0, 0, 0.006, 0.007, 0, 0, 0, 0, 0.005
CG294X1, 0, 0, 0.004, 0.003, 0, 0, 0, 0, 0.003
CSP1X1, 0, 0, 0.001, 0.001, 0, 0, 0, 0, 0.001
Calda2, 0, 0, 0.002, 0.002, 0, 0, 0, 0, 0.002
Caldit1, 0, 0, 0.003, 0.003, 0, 0, 0, 0, 0.003
Caldit2, 0, 0, 0.001, 0.001, 0, 0, 0, 0, 0.001
Caldit3, 0, 0, 0.001, 0.001, 0, 0, 0, 0, 0.001
Camp10, 0, 0, 0.001, 0.001, 0, 0, 0, 0, 0.001
Camp11, 0, 0, 0.002, 0.003, 0, 0, 0, 0, 0.001
Camp12, 0, 0, 0.002, 0.002, 0, 0, 0, 0, 0.001
Camp14, 0, 0, 0.002, 0.001, 0, 0, 0, 0, 0.001
Camp15, 0, 0, 0.001, 0.001, 0, 0, 0, 0, 0
Camp16, 0, 0, 0.002, 0.002, 0, 0, 0, 0, 0.002
Camp3, 0, 0, 0.002, 0.002, 0, 0, 0, 0, 0.002
Camp6, 0, 0, 0.001, 0.001, 0, 0, 0, 0, 0.001
Camp9, 0, 0, 0.003, 0.003, 0, 0, 0, 0, 0.003
Chlo10, 0, 0, 0.004, 0.003, 0, 0, 0, 0, 0.002
Chlo11, 0, 0, 0.001, 0.001, 0, 0, 0, 0, 0.001
Chlo12, 0, 0, 0.004, 0.005, 0, 0, 0, 0, 0.004
Chlo13, 0, 0, 0.001, 0.002, 0, 0, 0, 0, 0.001
Chlo14, 0, 0, 0.001, 0.002, 0, 0, 0, 0, 0.001
Chlo15, 0, 0, 0.004, 0.004, 0, 0, 0, 0, 0.001
Chlo16, 0, 0, 0.005, 0.004, 0, 0, 0, 0, 0.004
Chlo17, 0, 0, 0.002, 0.002, 0, 0, 0, 0, 0.002
Chlo19, 0, 0, 0.003, 0.002, 0, 0, 0, 0, 0.002
Chlo20, 0, 0, 0.002, 0.002, 0, 0, 0, 0, 0.002
Chlo21, 0, 0, 0.004, 0.006, 0, 0, 0, 0, 0.003
Chlo22, 0, 0, 0.001, 0.001, 0, 0, 0, 0, 0.001
Chlo23, 0, 0, 0.001, 0.001, 0, 0, 0, 0, 0.001
Chlo24, 0, 0, 0.002, 0.002, 0, 0, 0, 0, 0.002
Chlo25, 0, 0, 0.003, 0.003, 0, 0, 0, 0, 0.001
Chlo26, 0, 0, 0.002, 0.002, 0, 0, 0, 0, 0.002
Chlo27, 0, 0, 0.006, 0.005, 0, 0, 0, 0, 0.005
Chlo28, 0, 0, 0.003, 0.003, 0, 0, 0, 0, 0.002
Chlo29, 0, 0, 0.002, 0.003, 0, 0, 0, 0, 0.002
Chlo30, 0, 0, 0.003, 0.002, 0, 0, 0, 0, 0.002
Chlo31, 0, 0, 0.003, 0.003, 0, 0, 0, 0, 0.001
Chlo32, 0, 0, 0.002, 0.004, 0, 0, 0, 0, 0.002
Chlo33, 0, 0, 0.002, 0.003, 0, 0, 0, 0, 0.002
Chlo35, 0, 0, 0.001, 0, 0, 0, 0, 0, 0
Chlo36, 0, 0, 0.001, 0.002, 0, 0, 0, 0, 0
Chlo37, 0, 0, 0.001, 0.001, 0, 0, 0, 0, 0
Chlo38, 0, 0, 0.001, 0.001, 0, 0, 0, 0, 0
Chlo4, 0, 0, 0.001, 0, 0, 0, 0, 0, 0
Chlo40, 0, 0, 0.003, 0.004, 0, 0, 0, 0, 0.002
Chlo43, 0, 0, 0.001, 0.001, 0, 0, 0, 0, 0
Chlo44, 0, 0, 0.002, 0.003, 0, 0, 0, 0, 0.002
Chlo45, 0, 0, 0.002, 0.004, 0, 0, 0, 0, 0
Chlo46, 0, 0, 0.003, 0.002, 0, 0, 0, 0, 0.001
Chlo47, 0, 0, 0.002, 0.001, 0, 0, 0, 0, 0.001
Chlo48, 0, 0, 0.004, 0.004, 0, 0, 0, 0, 0.002
Chlo5, 0, 0, 0.001, 0.001, 0, 0, 0, 0, 0
Chlo7, 0, 0, 0.004, 0.003, 0, 0, 0, 0, 0.001
Chlo8, 0, 0, 0.001, 0.001, 0, 0, 0, 0, 0.001
Chlo9, 0, 0, 0.003, 0.002, 0, 0, 0, 0, 0.002
Chry1, 0, 0, 0.002, 0.002, 0, 0, 0, 0, 0.002
Cloa1, 0, 0, 0.001, 0.001, 0, 0, 0, 0, 0.001
Cyan1, 0, 0, 0.002, 0.002, 0, 0, 0, 0, 0.002
Cyan10, 0, 0, 0.002, 0.002, 0, 0, 0, 0, 0.001
Cyan11, 0, 0, 0.002, 0.003, 0, 0, 0, 0, 0.002
Cyan12, 0, 0, 0.001, 0.001, 0, 0, 0, 0, 0.001
Cyan13, 0, 0, 0.003, 0.003, 0, 0, 0, 0, 0.001
Cyan14, 0, 0, 0.002, 0.001, 0, 0, 0, 0, 0.001
Cyan15, 0, 0, 0.001, 0.003, 0, 0, 0, 0, 0
Cyan16, 0, 0, 0.002, 0.001, 0, 0, 0, 0, 0.001
Cyan18, 0, 0, 0.003, 0.003, 0, 0, 0, 0, 0.001
Cyan19, 0, 0, 0.003, 0.003, 0, 0, 0, 0, 0.003
Cyan2, 0, 0, 0.001, 0.001, 0, 0, 0, 0, 0.001
Cyan20, 0, 0, 0.006, 0.007, 0, 0, 0, 0, 0.006
Cyan21, 0, 0, 0.001, 0, 0, 0, 0, 0, 0
Cyan23, 0, 0, 0.001, 0.001, 0, 0, 0, 0, 0.001
Cyan26, 0, 0, 0.001, 0.002, 0, 0, 0, 0, 0.001
Cyan27, 0, 0, 0.001, 0.001, 0, 0, 0, 0, 0.001
Cyan28, 0, 0, 0.001, 0.001, 0, 0, 0, 0, 0.001
Cyan29, 0, 0, 0.001, 0.001, 0, 0, 0, 0, 0
Cyan3, 0, 0, 0.002, 0.002, 0, 0, 0, 0, 0.002
Cyan30, 0, 0, 0.001, 0.001, 0, 0, 0, 0, 0.001
Cyan31, 0, 0, 0.003, 0.004, 0, 0, 0, 0, 0.001
Cyan32, 0, 0, 0.003, 0.004, 0, 0, 0, 0, 0.002
Cyan33, 0, 0, 0.003, 0.003, 0, 0, 0, 0, 0.002
Cyan34, 0, 0, 0.002, 0.001, 0, 0, 0, 0, 0
Cyan35, 0, 0, 0.002, 0.002, 0, 0, 0, 0, 0.002
Cyan36, 0, 0, 0.001, 0.001, 0, 0, 0, 0, 0
Cyan38, 0, 0, 0.002, 0.001, 0, 0, 0, 0, 0.001
Cyan4, 0, 0, 0.002, 0.002, 0, 0, 0, 0, 0.002
Cyan40, 0, 0, 0.001, 0.002, 0, 0, 0, 0, 0.001
Cyan41, 0, 0, 0.002, 0.002, 0, 0, 0, 0, 0.002
Cyan43, 0, 0, 0.003, 0.004, 0, 0, 0, 0, 0.003
Cyan44, 0, 0, 0.002, 0.001, 0, 0, 0, 0, 0
Cyan45, 0, 0, 0.002, 0.001, 0, 0, 0, 0, 0.001
Cyan46, 0, 0, 0.001, 0.001, 0, 0, 0, 0, 0
Cyan47, 0, 0, 0.002, 0.001, 0, 0, 0, 0, 0
Cyan7, 0, 0, 0.004, 0.004, 0, 0, 0, 0, 0.004
Cyan8, 0, 0, 0.001, 0.001, 0, 0, 0, 0, 0.001
Cyan9, 0, 0, 0.005, 0.005, 0, 0, 0, 0, 0.005
DTU0X1, 0, 0, 0.001, 0.001, 0, 0, 0, 0, 0.001
Defe2, 0, 0, 0.001, 0.001, 0, 0, 0, 0, 0.001
Dein1, 0, 0, 0.001, 0.001, 0, 0, 0, 0, 0.001
Dein3, 0, 0, 0.003, 0.003, 0, 0, 0, 0, 0.003
Dein5, 0, 0, 0.001, 0.001, 0, 0, 0, 0, 0.001
Dein6, 0, 0, 0.001, 0.001, 0, 0, 0, 0, 0.001
Desa1, 0, 0, 0.002, 0.002, 0, 0, 0, 0, 0.002
DesuB1, 0, 0, 0.004, 0.005, 0, 0, 0, 0, 0.004
DesuB2, 0, 0, 0.001, 0.001, 0, 0, 0, 0, 0.001
DesuB4, 0, 0, 0.004, 0.006, 0, 0, 0, 0, 0.004
DesuC1, 0, 0, 0.001, 0.001, 0, 0, 0, 0, 0.001
DesuD2, 0, 0, 0.002, 0.003, 0, 0, 0, 0, 0.002
Desua1, 0, 0, 0.003, 0.002, 0, 0, 0, 0, 0.002
Desua10, 0, 0, 0.002, 0.002, 0, 0, 0, 0, 0.002
Desua11, 0, 0, 0.001, 0.001, 0, 0, 0, 0, 0.001
Desua12, 0, 0, 0.003, 0.003, 0, 0, 0, 0, 0.003
Desua13, 0, 0, 0.002, 0.002, 0, 0, 0, 0, 0.002
Desua14, 0, 0, 0.002, 0.003, 0, 0, 0, 0, 0.001
Desua17, 0, 0, 0.002, 0.002, 0, 0, 0, 0, 0.002
Desua18, 0, 0, 0.001, 0.001, 0, 0, 0, 0, 0.001
Desua19, 0, 0, 0.002, 0.002, 0, 0, 0, 0, 0.002
Desua2, 0, 0, 0.005, 0.004, 0, 0, 0, 0, 0.004
Desua21, 0, 0, 0.003, 0.003, 0, 0, 0, 0, 0.003
Desua22, 0, 0, 0.001, 0, 0, 0, 0, 0, 0
Desua23, 0, 0, 0.001, 0.001, 0, 0, 0, 0, 0
Desua24, 0, 0, 0.001, 0, 0, 0, 0, 0, 0
Desua25, 0, 0, 0.002, 0.002, 0, 0, 0, 0, 0.002
Desua27, 0, 0, 0.002, 0.002, 0, 0, 0, 0, 0.002
Desua28, 0, 0, 0.003, 0.003, 0, 0, 0, 0, 0.003
Desua29, 0, 0, 0.001, 0.001, 0, 0, 0, 0, 0.001
Desua3, 0, 0, 0.003, 0.003, 0, 0, 0, 0, 0.003
Desua30, 0, 0, 0.001, 0.002, 0, 0, 0, 0, 0.001
Desua31, 0, 0, 0.001, 0.001, 0, 0, 0, 0, 0.001
Desua33, 0, 0, 0.001, 0, 0, 0, 0, 0, 0
Desua34, 0, 0, 0.003, 0.004, 0, 0, 0, 0, 0.002
Desua35, 0, 0, 0.002, 0.002, 0, 0, 0, 0, 0.002
Desua36, 0, 0, 0.001, 0.001, 0, 0, 0, 0, 0.001
Desua37, 0, 0, 0.002, 0.002, 0, 0, 0, 0, 0.002
Desua39, 0, 0, 0.004, 0.005, 0, 0, 0, 0, 0.002
Desua4, 0, 0, 0.001, 0.001, 0, 0, 0, 0, 0.001
Desua40, 0, 0, 0.001, 0.001, 0, 0, 0, 0, 0.001
Desua42, 0, 0, 0.002, 0.002, 0, 0, 0, 0, 0.001
Desua43, 0, 0, 0.001, 0.001, 0, 0, 0, 0, 0.001
Desua45, 0, 0, 0.003, 0.002, 0, 0, 0, 0, 0.002
Desua47, 0, 0, 0.001, 0.001, 0, 0, 0, 0, 0.001
Desua48, 0, 0, 0.001, 0.001, 0, 0, 0, 0, 0
Desua5, 0, 0, 0.001, 0.001, 0, 0, 0, 0, 0.001
Desua50, 0, 0, 0.002, 0.002, 0, 0, 0, 0, 0.002
Desua51, 0, 0, 0.001, 0.001, 0, 0, 0, 0, 0.001
Desua53, 0, 0, 0.001, 0.001, 0, 0, 0, 0, 0.001
Desua6, 0, 0, 0.002, 0.002, 0, 0, 0, 0, 0.002
Desua7, 0, 0, 0.002, 0.002, 0, 0, 0, 0, 0.002
Desua8, 0, 0, 0.004, 0.006, 0, 0, 0, 0, 0.003
Desua9, 0, 0, 0.007, 0.007, 0, 0, 0, 0, 0.007
Dorm1, 0, 0, 0.004, 0.004, 0, 0, 0, 0, 0.001
Dorm2, 0, 0, 0.004, 0.002, 0, 0, 0, 0, 0.001
Dorm3, 0, 0, 0.005, 0.004, 0, 0, 0, 0, 0.004
Dorm4, 0, 0, 0.001, 0.001, 0, 0, 0, 0, 0
Dorm5, 0, 0, 0.003, 0.003, 0, 0, 0, 0, 0.003
Edwa1, 0, 0, 0.002, 0.002, 0, 0, 0, 0, 0.002
Eise1, 0, 0, 0.004, 0.004, 0, 0, 0, 0, 0.004
Eise2, 0, 0, 0.002, 0.002, 0, 0, 0, 0, 0.002
Eise3, 0, 0, 0.001, 0.002, 0, 0, 0, 0, 0.001
Eise4, 0, 0, 0.003, 0.005, 0, 0, 0, 0, 0.003
Elus1, 0, 0, 0.004, 0.006, 0, 0, 0, 0, 0.004
Elus10, 0, 0, 0.001, 0, 0, 0, 0, 0, 0
Elus2, 0, 0, 0.001, 0.001, 0, 0, 0, 0, 0.001
Elus4, 0, 0, 0.002, 0.001, 0, 0, 0, 0, 0.001
Elus5, 0, 0, 0.003, 0.004, 0, 0, 0, 0, 0.003
Elus6, 0, 0, 0.005, 0.005, 0, 0, 0, 0, 0.003
Elus7, 0, 0, 0.004, 0.004, 0, 0, 0, 0, 0.004
Elus8, 0, 0, 0.002, 0.001, 0, 0, 0, 0, 0
Elus9, 0, 0, 0.002, 0.002, 0, 0, 0, 0, 0.001
Erem2, 0, 0, 0.004, 0.004, 0, 0, 0, 0, 0.004
Erem3, 0, 0, 0.002, 0.001, 0, 0, 0, 0, 0.001
Erem4, 0, 0, 0.005, 0.004, 0, 0, 0, 0, 0.004
Erem5, 0, 0, 0.006, 0.007, 0, 0, 0, 0, 0.005
Erem6, 0, 0, 0.004, 0.004, 0, 0, 0, 0, 0.003
FCPU2, 0, 0, 0.002, 0.002, 0, 0, 0, 0, 0.002
Ferm1, 0, 0, 0.003, 0.005, 0, 0, 0, 0, 0.003
Fibr1, 0, 0, 0.001, 0.001, 0, 0, 0, 0, 0.001
Fibr2, 0, 0, 0.004, 0.003, 0, 0, 0, 0, 0.002
Fibr3, 0, 0, 0.002, 0.003, 0, 0, 0, 0, 0.002
Fibr4, 0, 0, 0.004, 0.003, 0, 0, 0, 0, 0.002
Fibr5, 0, 0, 0.004, 0.005, 0, 0, 0, 0, 0.004
Fibr6, 0, 0, 0.004, 0.007, 0, 0, 0, 0, 0.004
Fire1, 0, 0, 0.003, 0.004, 0, 0, 0, 0, 0.003
FirmA1, 0, 0, 0.002, 0.003, 0, 0, 0, 0, 0.002
FirmA10, 0, 0, 0.003, 0.004, 0, 0, 0, 0, 0.003
FirmA101, 0, 0, 0.004, 0.004, 0, 0, 0, 0, 0.003
FirmA102, 0, 0, 0.002, 0.003, 0, 0, 0, 0, 0.002
FirmA103, 0, 0, 0.002, 0.002, 0, 0, 0, 0, 0.002
FirmA105, 0, 0, 0.001, 0.001, 0, 0, 0, 0, 0.001
FirmA108, 0, 0, 0.001, 0.001, 0, 0, 0, 0, 0.001
FirmA109, 0, 0, 0.002, 0.002, 0, 0, 0, 0, 0.002
FirmA110, 0, 0, 0.004, 0.005, 0, 0, 0, 0, 0.003
FirmA111, 0, 0, 0.001, 0.002, 0, 0, 0, 0, 0.001
FirmA112, 0, 0, 0.002, 0.002, 0, 0, 0, 0, 0.001
FirmA113, 0, 0, 0.002, 0.002, 0, 0, 0, 0, 0.002
FirmA114, 0, 0, 0.001, 0.001, 0, 0, 0, 0, 0.001
FirmA12, 0, 0, 0.001, 0.001, 0, 0, 0, 0, 0
FirmA14, 0, 0, 0.001, 0.001, 0, 0, 0, 0, 0.001
FirmA16, 0, 0, 0.001, 0, 0, 0, 0, 0, 0
FirmA18, 0, 0, 0.001, 0.001, 0, 0, 0, 0, 0.001
FirmA19, 0, 0, 0.002, 0.001, 0, 0, 0, 0, 0.001
FirmA2, 0, 0, 0.002, 0.002, 0, 0, 0, 0, 0.002
FirmA20, 0, 0, 0.002, 0.002, 0, 0, 0, 0, 0.002
FirmA21, 0, 0, 0.003, 0.004, 0, 0, 0, 0, 0.003
FirmA24, 0, 0, 0.004, 0.004, 0, 0, 0, 0, 0.003
FirmA25, 0, 0, 0.002, 0.002, 0, 0, 0, 0, 0.002
FirmA26, 0, 0, 0.002, 0.002, 0, 0, 0, 0, 0.002
FirmA27, 0, 0, 0.002, 0.002, 0, 0, 0, 0, 0.002
FirmA28, 0, 0, 0.002, 0.003, 0, 0, 0, 0, 0.002
FirmA29, 0, 0, 0.001, 0.001, 0, 0, 0, 0, 0.001
FirmA32, 0, 0, 0.002, 0.002, 0, 0, 0, 0, 0.001
FirmA33, 0, 0, 0.002, 0.003, 0, 0, 0, 0, 0.001
FirmA34, 0, 0, 0.001, 0.001, 0, 0, 0, 0, 0.001
FirmA36, 0, 0, 0.003, 0.002, 0, 0, 0, 0, 0.001
FirmA37, 0, 0, 0.002, 0.002, 0, 0, 0, 0, 0.002
FirmA38, 0, 0, 0.002, 0.002, 0, 0, 0, 0, 0.001
FirmA39, 0, 0, 0.001, 0.001, 0, 0, 0, 0, 0.001
FirmA40, 0, 0, 0.003, 0.002, 0, 0, 0, 0, 0.001
FirmA41, 0, 0, 0.001, 0.001, 0, 0, 0, 0, 0.001
FirmA42, 0, 0, 0.002, 0.001, 0, 0, 0, 0, 0
FirmA43, 0, 0, 0.002, 0.003, 0, 0, 0, 0, 0.002
FirmA44, 0, 0, 0.001, 0.001, 0, 0, 0, 0, 0.001
FirmA45, 0, 0, 0.003, 0.002, 0, 0, 0, 0, 0.001
FirmA46, 0, 0, 0.001, 0.001, 0, 0, 0, 0, 0.001
FirmA47, 0, 0, 0.001, 0.002, 0, 0, 0, 0, 0.001
FirmA48, 0, 0, 0.001, 0.001, 0, 0, 0, 0, 0.001
FirmA5, 0, 0, 0.002, 0.002, 0, 0, 0, 0, 0.002
FirmA50, 0, 0, 0.001, 0.001, 0, 0, 0, 0, 0.001
FirmA51, 0, 0, 0.002, 0.003, 0, 0, 0, 0, 0.002
FirmA52, 0, 0, 0.001, 0.001, 0, 0, 0, 0, 0.001
FirmA54, 0, 0, 0.001, 0.001, 0, 0, 0, 0, 0.001
FirmA55, 0, 0, 0.001, 0.001, 0, 0, 0, 0, 0.001
FirmA56, 0, 0, 0.002, 0.002, 0, 0, 0, 0, 0.002
FirmA6, 0, 0, 0.004, 0.005, 0, 0, 0, 0, 0.004
FirmA60, 0, 0, 0.001, 0.003, 0, 0, 0, 0, 0.001
FirmA61, 0, 0, 0.001, 0.001, 0, 0, 0, 0, 0.001
FirmA62, 0, 0, 0.002, 0.002, 0, 0, 0, 0, 0.002
FirmA64, 0, 0, 0.003, 0.002, 0, 0, 0, 0, 0.002
FirmA65, 0, 0, 0.001, 0.001, 0, 0, 0, 0, 0.001
FirmA66, 0, 0, 0.002, 0.002, 0, 0, 0, 0, 0.002
FirmA67, 0, 0, 0.003, 0.003, 0, 0, 0, 0, 0.002
FirmA68, 0, 0, 0.001, 0.003, 0, 0, 0, 0, 0
FirmA69, 0, 0, 0.002, 0.002, 0, 0, 0, 0, 0.002
FirmA7, 0, 0, 0.002, 0.001, 0, 0, 0, 0, 0.001
FirmA70, 0, 0, 0.002, 0.004, 0, 0, 0, 0, 0.002
FirmA71, 0, 0, 0.001, 0.001, 0, 0, 0, 0, 0.001
FirmA74, 0, 0, 0.002, 0.002, 0, 0, 0, 0, 0.002
FirmA75, 0, 0, 0.001, 0.001, 0, 0, 0, 0, 0.001
FirmA76, 0, 0, 0.001, 0.001, 0, 0, 0, 0, 0.001
FirmA77, 0, 0, 0.001, 0.002, 0, 0, 0, 0, 0.001
FirmA78, 0, 0, 0.002, 0.002, 0, 0, 0, 0, 0.002
FirmA79, 0, 0, 0.003, 0.005, 0, 0, 0, 0, 0.002
FirmA8, 0, 0, 0.002, 0.002, 0, 0, 0, 0, 0.001
FirmA80, 0, 0, 0.002, 0.002, 0, 0, 0, 0, 0.002
FirmA81, 0, 0, 0.003, 0.003, 0, 0, 0, 0, 0.002
FirmA83, 0, 0, 0.001, 0.001, 0, 0, 0, 0, 0.001
FirmA84, 0, 0, 0.002, 0.002, 0, 0, 0, 0, 0.002
FirmA85, 0, 0, 0.002, 0.002, 0, 0, 0, 0, 0.002
FirmA86, 0, 0, 0.004, 0.005, 0, 0, 0, 0, 0.003
FirmA88, 0, 0, 0.002, 0.001, 0, 0, 0, 0, 0.001
FirmA89, 0, 0, 0.001, 0, 0, 0, 0, 0, 0
FirmA9, 0, 0, 0.005, 0.006, 0, 0, 0, 0, 0.005
FirmA90, 0, 0, 0.001, 0, 0, 0, 0, 0, 0
FirmA93, 0, 0, 0.003, 0.002, 0, 0, 0, 0, 0.002
FirmA95, 0, 0, 0.001, 0.001, 0, 0, 0, 0, 0.001
FirmA96, 0, 0, 0.001, 0.001, 0, 0, 0, 0, 0.001
FirmA97, 0, 0, 0.002, 0.002, 0, 0, 0, 0, 0.002
FirmA99, 0, 0, 0.001, 0.001, 0, 0, 0, 0, 0.001
FirmB11, 0, 0, 0.002, 0.003, 0, 0, 0, 0, 0.002
FirmB12, 0, 0, 0.001, 0.001, 0, 0, 0, 0, 0.001
FirmB14, 0, 0, 0.003, 0.004, 0, 0, 0, 0, 0.002
FirmB16, 0, 0, 0.002, 0.002, 0, 0, 0, 0, 0.002
FirmB3, 0, 0, 0.003, 0.002, 0, 0, 0, 0, 0.002
FirmB4, 0, 0, 0.001, 0.003, 0, 0, 0, 0, 0.001
FirmB5, 0, 0, 0.004, 0.004, 0, 0, 0, 0, 0.004
FirmB7, 0, 0, 0.004, 0.005, 0, 0, 0, 0, 0.004
FirmB8, 0, 0, 0.004, 0.005, 0, 0, 0, 0, 0.004
FirmB9, 0, 0, 0.001, 0.001, 0, 0, 0, 0, 0.001
FirmC1, 0, 0, 0.003, 0.004, 0, 0, 0, 0, 0.003
FirmC10, 0, 0, 0.003, 0.003, 0, 0, 0, 0, 0.002
FirmC11, 0, 0, 0.001, 0.001, 0, 0, 0, 0, 0.001
FirmC13, 0, 0, 0.005, 0.005, 0, 0, 0, 0, 0.004
FirmC14, 0, 0, 0.002, 0.003, 0, 0, 0, 0, 0.001
FirmC15, 0, 0, 0.001, 0.001, 0, 0, 0, 0, 0.001
FirmC16, 0, 0, 0.002, 0.002, 0, 0, 0, 0, 0.001
FirmC17, 0, 0, 0.004, 0.003, 0, 0, 0, 0, 0.003
FirmC19, 0, 0, 0.002, 0.002, 0, 0, 0, 0, 0.002
FirmC4, 0, 0, 0.002, 0.002, 0, 0, 0, 0, 0.002
FirmC5, 0, 0, 0.003, 0.005, 0, 0, 0, 0, 0.003
FirmC6, 0, 0, 0.003, 0.003, 0, 0, 0, 0, 0.002
FirmC7, 0, 0, 0.005, 0.007, 0, 0, 0, 0, 0.005
FirmC9, 0, 0, 0.004, 0.006, 0, 0, 0, 0, 0.004
FirmD1, 0, 0, 0.006, 0.004, 0, 0, 0, 0, 0.003
FirmD2, 0, 0, 0.004, 0.006, 0, 0, 0, 0, 0.004
FirmD3, 0, 0, 0.001, 0.001, 0, 0, 0, 0, 0.001
FirmE1, 0, 0, 0.004, 0.006, 0, 0, 0, 0, 0.003
FirmE2, 0, 0, 0.003, 0.003, 0, 0, 0, 0, 0.002
FirmE4, 0, 0, 0.004, 0.004, 0, 0, 0, 0, 0.004
FirmE5, 0, 0, 0.001, 0.001, 0, 0, 0, 0, 0.001
FirmE7, 0, 0, 0.001, 0.001, 0, 0, 0, 0, 0.001
FirmE8, 0, 0, 0.002, 0.003, 0, 0, 0, 0, 0.002
FirmF1, 0, 0, 0.002, 0.004, 0, 0, 0, 0, 0.002
FirmF2, 0, 0, 0.001, 0.002, 0, 0, 0, 0, 0.001
FirmF3, 0, 0, 0.002, 0.003, 0, 0, 0, 0, 0.002
FirmG2, 0, 0, 0.002, 0.002, 0, 0, 0, 0, 0.002
FirmG3, 0, 0, 0.004, 0.004, 0, 0, 0, 0, 0.004
FirmG4, 0, 0, 0.004, 0.007, 0, 0, 0, 0, 0.004
FirmG5, 0, 0, 0.001, 0.001, 0, 0, 0, 0, 0.001
FirmG6, 0, 0, 0.002, 0.003, 0, 0, 0, 0, 0.002
Firms1, 0, 0, 0.001, 0.001, 0, 0, 0, 0, 0.001
Firms10, 0, 0, 0.003, 0.004, 0, 0, 0, 0, 0.003
Firms11, 0, 0, 0.081, 0.013, 0, 0, 0, 0, 0.003
Firms12, 0, 0, 0.004, 0.004, 0, 0, 0, 0, 0.003
Firms13, 0, 0, 0.003, 0.004, 0, 0, 0, 0, 0.003
Firms17, 1, 0, 0.004, 0.351, 1, 0, 1, 0.077, 0.926
Firms18, 0, 0, 0.001, 0.001, 0, 0, 0, 0, 0
Firms2, 0, 0, 0.003, 0.004, 0, 0, 0, 0, 0.003
Firms21, 0, 0, 0.001, 0.001, 0, 0, 0, 0, 0.001
Firms22, 0, 0, 0.001, 0.001, 0, 0, 0, 0, 0.001
Firms23, 0, 0, 0.003, 0.002, 0, 0, 0, 0, 0.002
Firms24, 0, 0, 0.002, 0.001, 0, 0, 0, 0, 0.001
Firms25, 0, 0, 0.003, 0.008, 0, 0, 0, 0, 0.003
Firms26, 0, 0, 0.004, 0.004, 0, 0, 0, 0, 0.003
Firms27, 0, 0, 0.004, 0.005, 0, 0, 0, 0, 0.004
Firms28, 0, 0, 0.001, 0.001, 0, 0, 0, 0, 0.001
Firms29, 0, 0, 0.004, 0.004, 0, 0, 0, 0, 0.004
Firms3, 0, 0, 0.003, 0.004, 0, 0, 0, 0, 0.002
Firms30, 0, 0, 0.001, 0.001, 0, 0, 0, 0, 0.001
Firms33, 0, 0, 0.002, 0.002, 0, 0, 0, 0, 0.001
Firms4, 1, 0, 0.001, 0.35, 1, 0, 1, 0.046, 0.955
Firms5, 0, 0, 0.002, 0.002, 0, 0, 0, 0, 0.002
Firms6, 0, 0, 0.004, 0.005, 0, 0, 0, 0, 0.002
Firms8, 0, 0, 0.01, 0.009, 0, 0, 0, 0, 0.002
Firms9, 0, 0, 0.002, 0.002, 0, 0, 0, 0, 0.001
Gemm3, 0, 0, 0.002, 0.005, 0, 0, 0, 0, 0.001
Gemm4, 0, 0, 0.002, 0.002, 0, 0, 0, 0, 0.002
Gemm5, 0, 0, 0.003, 0.003, 0, 0, 0, 0, 0.003
Gemm6, 0, 0, 0.001, 0, 0, 0, 0, 0, 0
Gemm7, 0, 0, 0.002, 0.002, 0, 0, 0, 0, 0.002
Gemm8, 0, 0, 0.001, 0.001, 0, 0, 0, 0, 0.001
GemmA1, 0, 0, 0.002, 0.002, 0, 0, 0, 0, 0.002
Hydr1, 0, 0, 0.002, 0.002, 0, 0, 0, 0, 0.002
Hydr2, 0, 0, 0.002, 0.002, 0, 0, 0, 0, 0.002
J088X1, 0, 0, 0.004, 0.004, 0, 0, 0, 0, 0.003
KSB1X1, 0, 0, 0.004, 0.004, 0, 0, 0, 0, 0.004
KSB1X2, 0, 0, 0.004, 0.005, 0, 0, 0, 0, 0.003
KSB1X3, 0, 0, 0.003, 0.004, 0, 0, 0, 0, 0.003
KSB1X4, 0, 0, 0.002, 0.001, 0, 0, 0, 0, 0.001
Late1, 0, 0, 0.001, 0.001, 0, 0, 0, 0, 0.001
Late2, 0, 0, 0.003, 0.003, 0, 0, 0, 0, 0.003
Late3, 0, 0, 0.004, 0.004, 0, 0, 0, 0, 0.004
Lind1, 0, 0, 0.002, 0.002, 0, 0, 0, 0, 0.002
Marg2, 0, 0, 0.004, 0.006, 0, 0, 0, 0, 0.002
Marg6, 0, 0, 0.003, 0.005, 0, 0, 0, 0, 0.003
Marg7, 0, 0, 0.002, 0, 0, 0, 0, 0, 0
Mari1, 0, 0, 0.002, 0.002, 0, 0, 0, 0, 0.002
Mari2, 0, 0, 0.003, 0.003, 0, 0, 0, 0, 0.003
Mari3, 0, 0, 0.002, 0.004, 0, 0, 0, 0, 0.002
Mari5, 0, 0, 0.002, 0.002, 0, 0, 0, 0, 0.002
Mari6, 0, 0, 0.001, 0.001, 0, 0, 0, 0, 0.001
Meth1, 0, 0, 0.003, 0.004, 0, 0, 0, 0, 0.002
Meth2, 0, 0, 0.002, 0.001, 0, 0, 0, 0, 0.001
Meth5, 0, 0, 0.001, 0.001, 0, 0, 0, 0, 0.001
Muir1, 0, 0, 0.001, 0.001, 0, 0, 0, 0, 0.001
MyxA1, 0, 0, 0.002, 0.002, 0, 0, 0, 0, 0.002
MyxA2, 0, 0, 0.002, 0.002, 0, 0, 0, 0, 0.001
MyxA3, 0, 0, 0.002, 0.001, 0, 0, 0, 0, 0.001
MyxA4, 0, 0, 0.002, 0.002, 0, 0, 0, 0, 0.001
Myxo10, 0, 0, 0.021, 0.003, 0, 0, 0, 0, 0
Myxo11, 0, 0, 0.003, 0.005, 0, 0, 0, 0, 0.003
Myxo13, 0, 0, 0.002, 0.002, 0, 0, 0, 0, 0.002
Myxo14, 0, 0, 0.002, 0.002, 0, 0, 0, 0, 0.002
Myxo15, 0, 0, 0.184, 0.02, 0, 0, 0, 0, 0
Myxo18, 1, 0, 0.002, 0.167, 1, 0, 1, 0.184, 0.818
Myxo19, 0, 0, 0.003, 0.003, 0, 0, 0, 0, 0.003
Myxo2, 0, 0, 0.003, 0.004, 0, 0, 0, 0, 0.003
Myxo3, 0, 0, 0.001, 0.001, 0, 0, 0, 0, 0.001
Myxo5, 0, 0, 0.003, 0.002, 0, 0, 0, 0, 0.002
Myxo7, 0, 0, 0.003, 0.002, 0, 0, 0, 0, 0.002
Myxo8, 0, 0, 0.002, 0.002, 0, 0, 0, 0, 0.001
Myxo9, 0, 0, 0.002, 0.002, 0, 0, 0, 0, 0.002
NPL1, 0, 0, 0.003, 0.003, 0, 0, 0, 0, 0.003
Nitr1, 0, 0, 0.004, 0.005, 0, 0, 0, 0, 0.003
Nitr10, 0, 0, 0.001, 0.001, 0, 0, 0, 0, 0
Nitr11, 0, 0, 0.001, 0.001, 0, 0, 0, 0, 0.001
Nitr12, 0, 0, 0.001, 0.001, 0, 0, 0, 0, 0.001
Nitr13, 0, 0, 0.005, 0.007, 0, 0, 0, 0, 0.005
Nitr14, 0, 0, 0.002, 0.002, 0, 0, 0, 0, 0.002
Nitr16, 0, 0, 0.003, 0.004, 0, 0, 0, 0, 0.003
Nitr17, 0, 0, 0.003, 0.003, 0, 0, 0, 0, 0.002
Nitr2, 0, 0, 0.004, 0.005, 0, 0, 0, 0, 0.004
Nitr3, 0, 0, 0.002, 0.002, 0, 0, 0, 0, 0.002
Nitr4, 0, 0, 0.001, 0.001, 0, 0, 0, 0, 0.001
Nitr5, 0, 0, 0.003, 0.002, 0, 0, 0, 0, 0.002
Nitr6, 0, 0, 0.002, 0.002, 0, 0, 0, 0, 0.001
Nitr7, 0, 0, 0.001, 0.001, 0, 0, 0, 0, 0
Nitr8, 0, 0, 0.003, 0.003, 0, 0, 0, 0, 0.003
Nitr9, 0, 0, 0.003, 0.002, 0, 0, 0, 0, 0.002
Nits1, 0, 0, 0.002, 0.002, 0, 0, 0, 0, 0.001
Nits3, 0, 0, 0.004, 0.005, 0, 0, 0, 0, 0.003
Nits4, 0, 0, 0.003, 0.003, 0, 0, 0, 0, 0.003
NitsA3, 0, 0, 0.003, 0.003, 0, 0, 0, 0, 0.003
Node_AABM5X1_AABM5X2_0, 0, 0, 0.003, 0.004, 0, 0, 0, 0, 0.003
Node_Acid11_Acid31_0, 0.001, 0, 0, 0, 0.001, 0, 0.001, 0, 0.001
Node_Acid12_Acid13_0, 0, 0, 0.001, 0.001, 0, 0, 0, 0, 0.001
Node_Acid1_Acid17_0, 0, 0, 0.002, 0.001, 0, 0, 0, 0, 0.001
Node_Acid1_Acid3_0, 0.001, 0, 0, 0.001, 0.001, 0, 0.001, 0, 0.001
Node_Acid29_Acid27_0, 0, 0, 0.003, 0.002, 0, 0, 0, 0, 0.002
Node_Acid2_Acid18_0, 0, 0, 0.001, 0.002, 0, 0, 0, 0, 0.001
Node_Acid32_Acid25_0, 0, 0, 0.001, 0, 0, 0, 0, 0, 0
Node_Acid32_Acid26_0, 0, 0, 0.001, 0.001, 0, 0, 0, 0, 0.001
Node_Acid34_Acid29_0, 0.001, 0, 0.001, 0.002, 0.001, 0, 0.001, 0, 0.002
Node_Acid37_Acid21_0, 0.001, 0, 0.001, 0.001, 0.001, 0, 0.001, 0.001, 0.001
Node_Acid37_Acid30_0, 0, 0, 0.002, 0.001, 0, 0, 0, 0, 0.001
Node_Acid37_Acid32_0, 0.001, 0, 0.001, 0.001, 0.001, 0, 0.001, 0, 0.002
Node_Acid38_Acid10_0, 0, 0, 0.001, 0.002, 0, 0, 0, 0, 0.001
Node_Acid38_Acid36_0, 0, 0, 0.003, 0.002, 0, 0, 0, 0, 0.001
Node_Acid38_Acid40_0, 0.002, 0, 0.005, 0.006, 0.002, 0, 0.002, 0.001, 0.005
Node_Acid38_Acid4_0, 0, 0, 0.002, 0.003, 0, 0, 0, 0, 0.002
Node_Acid38_Acid7_0, 0.002, 0, 0, 0, 0.002, 0, 0.002, 0, 0.002
Node_Acid39_Acid35_0, 0, 0, 0.001, 0.001, 0, 0, 0, 0, 0.001
Node_Acid3_Acid14_0, 0, 0, 0.002, 0.002, 0, 0, 0, 0, 0.002
Node_Acid3_Acid6_0, 0, 0, 0.002, 0.002, 0, 0, 0, 0, 0.001
Node_Acid40_Acid20_0, 0, 0, 0.003, 0.002, 0, 0, 0, 0, 0.001
Node_Acid8_Acid9_0, 0.001, 0, 0, 0, 0.001, 0, 0.001, 0, 0.001
Node_Acid9_Acid39_0, 0, 0, 0.001, 0.001, 0, 0, 0, 0, 0
Node_Acti10_Acti26_0, 0, 0, 0.001, 0.001, 0, 0, 0, 0, 0.001
Node_Acti10_Acti31_0, 0.001, 0, 0, 0, 0.001, 0, 0.001, 0, 0.001
Node_Acti10_Acti7_0, 0, 0, 0.001, 0.001, 0, 0, 0, 0, 0
Node_Acti12_Acti21_0, 0, 0, 0.003, 0.003, 0, 0, 0, 0, 0.002
Node_Acti12_Acti48_0, 0.001, 0, 0.002, 0.002, 0.001, 0, 0.001, 0.001, 0.002
Node_Acti14_Acti33_0, 0, 0, 0.001, 0.001, 0, 0, 0, 0, 0.001
Node_Acti14_Acti34_0, 0, 0, 0.001, 0.002, 0, 0, 0, 0, 0.001
Node_Acti14_Acti6_0, 0.001, 0, 0.001, 0.001, 0.001, 0, 0.001, 0, 0.002
Node_Acti18_Acti16_0, 0, 0, 0.001, 0.001, 0, 0, 0, 0, 0.001
Node_Acti19_Acti13_0, 0.005, 0, 0.052, 0.009, 0.005, 0, 0.005, 0.005, 0.001
Node_Acti19_Acti23_0, 0.001, 0, 0.005, 0.002, 0.001, 0, 0.001, 0.001, 0.001
Node_Acti19_Acti42_0, 0.004, 0, 0.001, 0.003, 0.004, 0.001, 0.004, 0.002, 0.003
Node_Acti19_Acti49_0, 0.056, 0, 0, 0.022, 0.056, 0.002, 0.056, 0.02, 0.036
Node_Acti19_Acti8_0, 0.018, 0, 0, 0.005, 0.018, 0, 0.018, 0.004, 0.014
Node_Acti33_Acti35_0, 0.001, 0, 0, 0, 0.001, 0, 0.001, 0, 0.001
Node_Acti43_Acti36_0, 0, 0, 0.001, 0, 0, 0, 0, 0, 0
Node_Acti46_Acti41_0, 0, 0, 0.002, 0.001, 0, 0, 0, 0, 0.001
Node_Acti47_Acti45_0, 0.001, 0, 0.003, 0.005, 0.001, 0, 0.001, 0.001, 0.001
Node_Acti49_Acti15_0, 0.719, 0, 0.007, 0.006, 0.719, 0, 0.719, 0.711, 0.008
Node_Acti49_Acti32_0, 0.009, 0, 0.786, 0.029, 0.009, 0, 0.009, 0.008, 0.003
Node_Acti49_Acti38_0, 0.792, 0, 0.003, 0.023, 0.791, 0, 0.792, 0.718, 0.076
Node_Acti49_Acti40_0, 0.718, 0, 0.001, 0.235, 0.718, 0.002, 0.718, 0.058, 0.661
Node_Acti50_Acti10_0, 0, 0, 0.001, 0, 0, 0, 0, 0, 0
Node_Acti50_Acti19_0, 0.001, 0, 0, 0, 0.001, 0, 0.001, 0.001, 0
Node_Acti50_Acti20_0, 0, 0, 0.001, 0, 0, 0, 0, 0, 0
Node_Acti50_Acti28_0, 0.001, 0, 0.002, 0, 0.001, 0, 0.001, 0.001, 0
Node_Acti50_Acti39_0, 0.001, 0, 0, 0.001, 0.001, 0, 0.001, 0.001, 0
Node_Acti50_Acti43_0, 0.001, 0, 0.003, 0.003, 0.001, 0, 0.001, 0, 0.004
Node_Acti50_Acti46_0, 0.001, 0, 0, 0, 0.001, 0, 0.001, 0.001, 0
Node_Acti50_Acti47_0, 0.003, 0, 0.002, 0.004, 0.003, 0, 0.003, 0, 0.004
Node_Acti50_Acti51_0, 0.001, 0, 0, 0, 0.001, 0.001, 0.001, 0.001, 0
Node_Acti50_Acti52_0, 0.001, 0, 0.002, 0.002, 0.001, 0, 0.001, 0.001, 0.002
Node_Acti50_FirmF1_0, 0.001, 0, 0, 0.001, 0.001, 0, 0.001, 0.001, 0
Node_Acti51_Acti9_0, 0, 0, 0.001, 0, 0, 0, 0, 0, 0
Node_Acti52_Acti12_0, 0.001, 0, 0, 0, 0.001, 0, 0.001, 0, 0.001
Node_Acti52_Acti37_0, 0, 0, 0.002, 0.001, 0, 0, 0, 0, 0.001
Node_Acti52_Acti44_0, 0.001, 0, 0.001, 0.001, 0.001, 0, 0.001, 0, 0.001
Node_Acti8_Acti24_0, 0, 0, 0.001, 0.001, 0, 0, 0, 0, 0.001
Node_Acti8_Acti2_0, 0.002, 0, 0.016, 0.004, 0.002, 0, 0.002, 0.002, 0
Node_Acti8_Acti5_0, 0, 0, 0.002, 0.001, 0, 0, 0, 0, 0
Node_Aqui2_Aqui1_0, 0, 0, 0.001, 0.001, 0, 0, 0, 0, 0.001
Node_Aqui2_Aqui5_0, 0, 0, 0.002, 0.002, 0, 0, 0, 0, 0.002
Node_Aqui6_Aqui4_0, 0, 0, 0.001, 0.001, 0, 0, 0, 0, 0.001
Node_Arma12_Arma11_0, 0, 0, 0.002, 0.001, 0, 0, 0, 0, 0.001
Node_Arma15_Arma13_0, 0, 0, 0.003, 0.002, 0, 0, 0, 0, 0.002
Node_Arma4_Acti50_0, 0.001, 0, 0, 0, 0.001, 0.001, 0.001, 0.001, 0
Node_Arma4_Arma12_0, 0.001, 0, 0, 0, 0.001, 0, 0.001, 0, 0.001
Node_Arma4_Arma14_0, 0.001, 0, 0, 0, 0.001, 0, 0.001, 0.001, 0
Node_Arma4_CSP1X1_0, 0, 0, 0.001, 0, 0, 0, 0, 0, 0
Node_Arma4_Erem6_0, 0, 0, 0.001, 0.001, 0, 0.001, 0, 0, 0
Node_Arma4_Pate48_0, 0.001, 0, 0, 0, 0.001, 0, 0.001, 0.001, 0
Node_Arma6_Arma15_0, 0.001, 0, 0.001, 0.002, 0.001, 0, 0.001, 0, 0.002
Node_Arma6_Arma16_0, 0.002, 0, 0, 0, 0.002, 0, 0.002, 0.001, 0.001
Node_Arma6_Arma3_0, 0.001, 0, 0, 0, 0.001, 0, 0.001, 0, 0.001
Node_Arma6_Arma9_0, 0, 0, 0.003, 0.004, 0, 0, 0, 0, 0.001
Node_Aure2_Aure1_0, 0.002, 0, 0.01, 0.004, 0.002, 0, 0.002, 0.002, 0.001
Node_Bact1_Bact11_0, 0.002, 0, 0.002, 0.003, 0.002, 0, 0.002, 0, 0.003
Node_Bact1_Bact17_0, 0.001, 0, 0, 0, 0.001, 0, 0.001, 0, 0.001
Node_Bact20_Bact30_0, 0.001, 0, 0.002, 0.002, 0.001, 0, 0.001, 0, 0.003
Node_Bact21_Bact29_0, 0.13, 0, 0.001, 0.047, 0.13, 0, 0.13, 0.022, 0.109
Node_Bact21_Bact36_0, 0.022, 0, 0.003, 0.007, 0.022, 0, 0.022, 0.002, 0.022
Node_Bact21_Bact44_0, 0.003, 0, 0.005, 0.004, 0.003, 0, 0.003, 0.001, 0.003
Node_Bact22_Bact31_0, 0, 0, 0.002, 0.001, 0, 0, 0, 0, 0.001
Node_Bact22_Bact5_0, 0.001, 0, 0.001, 0.002, 0.001, 0, 0.001, 0, 0.002
Node_Bact23_Bact34_0, 0, 0, 0.001, 0.001, 0, 0, 0, 0, 0.001
Node_Bact24_Bact23_0, 0, 0, 0.001, 0.001, 0, 0, 0, 0, 0.001
Node_Bact24_Bact25_0, 0, 0, 0.001, 0.001, 0, 0, 0, 0, 0.001
Node_Bact27_Bact19_0, 0.055, 0, 0, 0.014, 0.055, 0, 0.055, 0.005, 0.05
Node_Bact27_Bact21_0, 0.005, 0, 0, 0.001, 0.005, 0, 0.005, 0.002, 0.003
Node_Bact27_Bact35_0, 0.237, 0, 0.002, 0.088, 0.237, 0, 0.237, 0.055, 0.184
Node_Bact27_Bact37_0, 0.002, 0, 0, 0.001, 0.002, 0, 0.002, 0, 0.002
Node_Bact27_Bact40_0, 0.98, 0, 0.002, 0.471, 0.978, 0.001, 0.98, 0.237, 0.744
Node_Bact29_Bact9_0, 0.998, 0, 0.002, 0.094, 0.998, 0, 0.998, 0.13, 0.87
Node_Bact30_Bact32_0, 0, 0, 0.003, 0.003, 0, 0, 0, 0, 0.002
Node_Bact33_Bact10_0, 0, 0, 0.004, 0.004, 0, 0, 0, 0, 0.003
Node_Bact33_Bact39_0, 0, 0, 0.001, 0.001, 0, 0, 0, 0, 0.001
Node_Bact33_Bact6_0, 0.001, 0, 0, 0, 0.001, 0, 0.001, 0, 0.001
Node_Bact36_Bact43_0, 0, 0, 0.022, 0.01, 0, 0, 0, 0, 0
Node_Bact37_Bact33_0, 0, 0, 0.002, 0, 0, 0, 0, 0, 0
Node_Bact37_Bact42_0, 0, 0, 0.002, 0.002, 0, 0, 0, 0, 0.002
Node_Bact3_Bact12_0, 0.001, 0, 0, 0, 0.001, 0, 0.001, 0, 0.001
Node_Bact3_Bact13_0, 0, 0, 0.002, 0.001, 0, 0, 0, 0, 0
Node_Bact3_Bact14_0, 0.001, 0, 0, 0, 0.001, 0, 0.001, 0, 0.001
Node_Bact3_Bact18_0, 0.002, 0, 0, 0, 0.002, 0, 0.002, 0.001, 0.001
Node_Bact40_Bact41_0, 1.001, 0, 0.004, 0.018, 1, 0, 1.001, 0.976, 0.025
Node_Bact5_Bact16_0, 0, 0, 0.002, 0.004, 0, 0, 0, 0, 0.001
Node_Bact7_Bact8_0, 0.001, 0, 0.001, 0.001, 0.001, 0, 0.001, 0, 0.002
Node_Bdell12_Bdell3_0, 0.001, 0, 0.002, 0.004, 0.001, 0, 0.001, 0, 0.003
Node_Bdell14_Bdell4_0, 0, 0, 0.002, 0.003, 0, 0, 0, 0, 0.002
Node_Bdell15_Bdell14_0, 0, 0, 0.001, 0, 0, 0, 0, 0, 0
Node_Bdell15_Bdell7_0, 0.002, 0, 0.001, 0.001, 0.002, 0, 0.002, 0, 0.003
Node_Bdell15_Bdell9_0, 0.002, 0, 0.004, 0.005, 0.002, 0, 0.002, 0.001, 0.004
Node_Bdell17_Bdell15_0, 0.001, 0, 0, 0, 0.001, 0, 0.001, 0.001, 0
Node_Bdell17_Bdell16_0, 0, 0, 0.004, 0.004, 0, 0, 0, 0, 0.003
Node_Bdell2_Bdell10_0, 0.003, 0, 0, 0, 0.003, 0, 0.003, 0.001, 0.002
Node_Bdell6_Bdell17_0, 0.001, 0, 0, 0, 0.001, 0, 0.001, 0, 0.001
Node_Bdell6_Bdell2_0, 0.001, 0, 0, 0, 0.001, 0, 0.001, 0.001, 0
Node_Bdell7_Bdell5_0, 0.001, 0, 0.004, 0.002, 0.001, 0, 0.001, 0, 0.003
Node_CG294X1_CG267X1_0, 0.001, 0, 0.001, 0.001, 0.001, 0, 0.001, 0, 0.002
Node_Calda2_Calda1_0, 0, 0, 0.001, 0.001, 0, 0, 0, 0, 0
Node_Camp14_Camp15_0, 0.001, 0, 0.005, 0.006, 0.001, 0, 0.001, 0, 0.006
Node_Camp1_Camp3_0, 0, 0, 0.001, 0.001, 0, 0, 0, 0, 0.001
Node_Camp2_Camp11_0, 0.001, 0, 0, 0, 0.001, 0, 0.001, 0, 0.001
Node_Camp2_Camp13_0, 0, 0, 0.001, 0.001, 0, 0, 0, 0, 0.001
Node_Camp2_Camp4_0, 0, 0, 0.002, 0.002, 0, 0, 0, 0, 0.001
Node_Camp2_Camp5_0, 0.001, 0, 0.001, 0, 0.001, 0, 0.001, 0, 0.001
Node_Camp2_Camp7_0, 0.001, 0, 0.002, 0.002, 0.001, 0, 0.001, 0, 0.002
Node_Camp4_Camp16_0, 0, 0, 0.001, 0.001, 0, 0, 0, 0, 0.001
Node_Camp5_Camp10_0, 0, 0, 0.002, 0.001, 0, 0, 0, 0, 0.001
Node_Camp5_Camp12_0, 0.001, 0, 0, 0, 0.001, 0, 0.001, 0.001, 0
Node_Camp7_Camp14_0, 0, 0, 0.004, 0.004, 0, 0, 0, 0, 0.003
Node_Chlo26_Chlo11_0, 0, 0, 0.001, 0.001, 0, 0, 0, 0, 0
Node_Chlo26_Chlo9_0, 0.001, 0, 0, 0.001, 0.001, 0, 0.001, 0, 0.001
Node_Chlo30_Chlo37_0, 0.001, 0, 0.001, 0.002, 0.001, 0, 0.001, 0, 0.002
Node_Chlo30_Chlo38_0, 0.002, 0, 0, 0.001, 0.002, 0, 0.002, 0.002, 0
Node_Chlo30_Chlo41_0, 0, 0, 0.002, 0.001, 0, 0, 0, 0, 0
Node_Chlo30_Dorm2_0, 0.002, 0, 0, 0, 0.002, 0, 0.002, 0.001, 0.001
Node_Chlo31_Chlo25_0, 0.002, 0, 0.004, 0.004, 0.002, 0, 0.002, 0, 0.005
Node_Chlo35_Chlo21_0, 0.001, 0, 0, 0, 0.001, 0, 0.001, 0.001, 0
Node_Chlo36_Chlo13_0, 0, 0, 0.002, 0.002, 0, 0, 0, 0, 0.001
Node_Chlo36_Chlo14_0, 0, 0, 0.001, 0.001, 0, 0, 0, 0, 0
Node_Chlo36_Chlo28_0, 0.001, 0, 0, 0, 0.001, 0, 0.001, 0, 0.001
Node_Chlo36_Chlo40_0, 0.001, 0, 0, 0, 0.001, 0, 0.001, 0, 0.001
Node_Chlo36_Chlo5_0, 0.001, 0, 0, 0, 0.001, 0, 0.001, 0, 0.001
Node_Chlo36_Chlo8_0, 0, 0, 0.001, 0.001, 0, 0, 0, 0, 0.001
Node_Chlo38_Chlo19_0, 0.001, 0, 0.003, 0.004, 0.001, 0, 0.001, 0.001, 0.003
Node_Chlo38_Chlo31_0, 0.001, 0, 0.001, 0, 0.001, 0, 0.001, 0.001, 0
Node_Chlo41_Chlo39_0, 0, 0, 0.002, 0.002, 0, 0, 0, 0, 0.002
Node_Chlo41_Chlo44_0, 0, 0, 0.001, 0.002, 0, 0, 0, 0, 0.001
Node_Chlo41_Chlo7_0, 0, 0, 0.001, 0.001, 0, 0, 0, 0, 0.001
Node_Chlo42_Chlo34_0, 0, 0, 0.003, 0.003, 0, 0, 0, 0, 0.002
Node_Chlo43_Chlo42_0, 0.001, 0, 0.002, 0.002, 0.001, 0, 0.001, 0, 0.003
Node_Chlo43_Chlo47_0, 0, 0, 0.001, 0.001, 0, 0, 0, 0, 0.001
Node_Chlo44_Chlo17_0, 0, 0, 0.002, 0.003, 0, 0, 0, 0, 0.002
Node_Chlo44_Chlo22_0, 0, 0, 0.001, 0.002, 0, 0, 0, 0, 0.001
Node_Chlo45_Chlo27_0, 0.001, 0, 0.001, 0.001, 0.001, 0, 0.001, 0, 0.002
Node_Chlo45_Chlo46_0, 0.002, 0, 0.001, 0.001, 0.002, 0, 0.002, 0.001, 0.002
Node_Chlo47_Chlo48_0, 0.001, 0, 0.002, 0.003, 0.001, 0, 0.001, 0, 0.003
Node_Chlo48_Chlo10_0, 0.002, 0, 0.004, 0.005, 0.002, 0, 0.002, 0.001, 0.005
Node_Chlo4_Chlo35_0, 0.001, 0, 0, 0, 0.001, 0, 0.001, 0, 0.001
Node_Chlo5_Chlo16_0, 0.001, 0, 0.001, 0.001, 0.001, 0, 0.001, 0, 0.001
Node_Chlo7_Chlo15_0, 0.003, 0, 0.001, 0.001, 0.003, 0, 0.003, 0, 0.004
Node_Cyan10_Cyan45_0, 0.001, 0, 0.001, 0.002, 0.001, 0, 0.001, 0, 0.002
Node_Cyan10_Cyan46_0, 0, 0, 0.001, 0.001, 0, 0, 0, 0, 0.001
Node_Cyan11_Cyan26_0, 0, 0, 0.003, 0.004, 0, 0, 0, 0, 0.001
Node_Cyan12_Cyan13_0, 0, 0, 0.004, 0.006, 0, 0, 0, 0, 0.004
Node_Cyan13_Cyan18_0, 0.002, 0, 0.004, 0.006, 0.002, 0, 0.002, 0, 0.006
Node_Cyan14_Cyan15_0, 0.001, 0, 0.002, 0.002, 0.001, 0, 0.001, 0, 0.003
Node_Cyan16_Cyan29_0, 0.001, 0, 0.002, 0.002, 0.001, 0, 0.001, 0, 0.003
Node_Cyan19_Cyan47_0, 0, 0, 0.001, 0.001, 0, 0, 0, 0, 0.001
Node_Cyan28_chloroArabidopsis_0, 0, 0, 0.001, 0.001, 0, 0, 0, 0, 0
Node_Cyan31_Cyan34_0, 0.002, 0, 0.003, 0.005, 0.002, 0, 0.002, 0.001, 0.004
Node_Cyan33_Cyan21_0, 0.001, 0, 0.002, 0.003, 0.001, 0, 0.001, 0, 0.003
Node_Cyan38_Cyan28_0, 0.001, 0, 0, 0.002, 0.001, 0, 0.001, 0.001, 0
Node_Cyan40_Cyan11_0, 0.002, 0, 0, 0, 0.002, 0, 0.002, 0, 0.002
Node_Cyan40_Cyan19_0, 0, 0, 0.001, 0.001, 0, 0, 0, 0, 0
Node_Cyan40_Cyan25_0, 0, 0, 0.002, 0.002, 0, 0, 0, 0, 0.002
Node_Cyan40_Cyan27_0, 0, 0, 0.003, 0.001, 0, 0, 0, 0, 0.001
Node_Cyan40_Cyan36_0, 0.001, 0, 0, 0, 0.001, 0, 0.001, 0.001, 0
Node_Cyan40_Cyan38_0, 0.001, 0, 0, 0, 0.001, 0, 0.001, 0, 0.001
Node_Cyan46_Cyan31_0, 0.001, 0, 0.001, 0.002, 0.001, 0, 0.001, 0, 0.002
Node_Cyan46_Cyan32_0, 0.001, 0, 0.002, 0.002, 0.001, 0, 0.001, 0, 0.003
Node_Cyan46_Cyan33_0, 0, 0, 0.001, 0, 0, 0, 0, 0, 0
Node_Cyan46_Cyan41_0, 0, 0, 0.002, 0.003, 0, 0, 0, 0, 0.002
Node_Cyan47_Cyan43_0, 0, 0, 0.001, 0.001, 0, 0, 0, 0, 0.001
Node_Cyan47_Cyan44_0, 0.002, 0, 0.003, 0.003, 0.002, 0, 0.002, 0, 0.005
Node_Cyan4_Cyan9_0, 0, 0, 0.001, 0.001, 0, 0, 0, 0, 0.001
Node_Defe3_Defe1_0, 0, 0, 0.001, 0.001, 0, 0, 0, 0, 0.001
Node_Dein4_Dein6_0, 0, 0, 0.001, 0.001, 0, 0, 0, 0, 0.001
Node_Dein5_Bipo1_0, 0, 0, 0.001, 0, 0, 0, 0, 0, 0
Node_Dein5_Dein1_0, 0, 0, 0.003, 0.005, 0, 0, 0, 0, 0.003
Node_Dein5_Dein7_0, 0, 0, 0.003, 0.004, 0, 0, 0, 0, 0.003
Node_Dein7_Dein3_0, 0, 0, 0.001, 0.001, 0, 0, 0, 0, 0.001
Node_DesuB1_DesuB2_0, 0, 0, 0.002, 0.002, 0, 0, 0, 0, 0.002
Node_DesuB4_Desua5_0, 0, 0, 0.001, 0.001, 0, 0.001, 0, 0, 0
Node_Desua11_Desua27_0, 0, 0, 0.004, 0.003, 0, 0, 0, 0, 0.003
Node_Desua16_Desua15_0, 0, 0, 0.003, 0.005, 0, 0, 0, 0, 0.002
Node_Desua16_Desua20_0, 0, 0, 0.001, 0, 0, 0, 0, 0, 0
Node_Desua16_Desua24_0, 0.001, 0, 0, 0.001, 0.001, 0, 0.001, 0, 0.001
Node_Desua16_Desua6_0, 0.001, 0, 0, 0, 0.001, 0, 0.001, 0, 0.001
Node_Desua16_Desua9_0, 0, 0, 0.001, 0.001, 0, 0, 0, 0, 0.001
Node_Desua1_Desua34_0, 0.001, 0, 0.001, 0.001, 0.001, 0, 0.001, 0, 0.002
Node_Desua22_Desua14_0, 0.001, 0, 0.001, 0.001, 0.001, 0, 0.001, 0, 0.002
Node_Desua22_Desua23_0, 0.001, 0, 0.002, 0.002, 0.001, 0, 0.001, 0, 0.002
Node_Desua28_Desua35_0, 0, 0, 0.001, 0.001, 0, 0, 0, 0, 0.001
Node_Desua2_Desua8_0, 0.001, 0, 0.001, 0.001, 0.001, 0, 0.001, 0, 0.002
Node_Desua36_Desua38_0, 0, 0, 0.004, 0.002, 0, 0, 0, 0, 0.002
Node_Desua36_Desua39_0, 0.002, 0, 0, 0, 0.002, 0, 0.002, 0, 0.002
Node_Desua40_Desua31_0, 0, 0, 0.001, 0.001, 0, 0, 0, 0, 0.001
Node_Desua42_Desua11_0, 0.001, 0, 0.002, 0.003, 0.001, 0, 0.001, 0, 0.003
Node_Desua42_Desua12_0, 0, 0, 0.001, 0.001, 0, 0, 0, 0, 0.001
Node_Desua43_Desua54_0, 0, 0, 0.001, 0.001, 0, 0, 0, 0, 0.001
Node_Desua46_Desua25_0, 0, 0, 0.001, 0.001, 0, 0, 0, 0, 0
Node_Desua47_Desua29_0, 0, 0, 0.001, 0.001, 0, 0, 0, 0, 0.001
Node_Desua47_Desua37_0, 0, 0, 0.003, 0.003, 0, 0, 0, 0, 0.003
Node_Desua48_Desua33_0, 0.001, 0, 0.002, 0.003, 0.001, 0, 0.001, 0, 0.002
Node_Desua48_Desua40_0, 0, 0, 0.002, 0.003, 0, 0, 0, 0, 0.001
Node_Desua48_Desua46_0, 0.001, 0, 0.001, 0.001, 0.001, 0, 0.001, 0, 0.002
Node_Desua49_Desua21_0, 0, 0, 0.001, 0.001, 0, 0, 0, 0, 0.001
Node_Desua49_Desua32_0, 0, 0, 0.001, 0.001, 0, 0, 0, 0, 0.001
Node_Desua49_Desua44_0, 0, 0, 0.001, 0.001, 0, 0, 0, 0, 0.001
Node_Desua4_Desua48_0, 0.001, 0, 0, 0, 0.001, 0, 0.001, 0, 0.001
Node_Desua4_Desua49_0, 0, 0, 0.001, 0, 0, 0, 0, 0, 0
Node_Desua53_Desua51_0, 0, 0, 0.001, 0.001, 0, 0, 0, 0, 0.001
Node_Desua6_Desua19_0, 0, 0, 0.001, 0.001, 0, 0, 0, 0, 0.001
Node_Desua6_Desua2_0, 0, 0, 0.001, 0.001, 0, 0, 0, 0, 0
Node_Desua6_Desua7_0, 0, 0, 0.003, 0.003, 0, 0, 0, 0, 0.003
Node_Desua9_Desua18_0, 0, 0, 0.002, 0.002, 0, 0, 0, 0, 0.002
Node_Dorm2_Dorm1_0, 0.003, 0, 0, 0.002, 0.003, 0, 0.003, 0, 0.003
Node_Dorm2_Dorm3_0, 0.001, 0, 0.001, 0, 0.001, 0, 0.001, 0.001, 0
Node_Dorm2_Dorm4_0, 0.001, 0, 0, 0, 0.001, 0, 0.001, 0.001, 0
Node_Dorm2_Dorm5_0, 0, 0, 0.001, 0.001, 0, 0, 0, 0, 0
Node_Eise2_Eise1_0, 0, 0, 0.003, 0.003, 0, 0, 0, 0, 0.003
Node_Eise4_Eise3_0, 0, 0, 0.002, 0.002, 0, 0, 0, 0, 0.002
Node_Elus3_Elus4_0, 0.001, 0, 0, 0, 0.001, 0, 0.001, 0, 0.001
Node_Elus3_Elus6_0, 0, 0, 0.002, 0.002, 0, 0, 0, 0, 0
Node_Elus3_Elus9_0, 0.002, 0, 0.001, 0.001, 0.002, 0, 0.002, 0.001, 0.002
Node_Elus6_Elus8_0, 0.002, 0, 0.001, 0.002, 0.002, 0, 0.002, 0, 0.003
Node_Elus9_Elus10_0, 0.001, 0, 0.003, 0.001, 0.001, 0, 0.001, 0, 0.002
Node_Erem4_Erem5_0, 0.001, 0, 0.004, 0.005, 0.001, 0, 0.001, 0, 0.004
Node_Erem6_Erem3_0, 0.001, 0, 0, 0, 0.001, 0, 0.001, 0, 0.001
Node_Erem6_Erem4_0, 0.001, 0, 0.002, 0.002, 0.001, 0, 0.001, 0, 0.002
Node_FCPU1_FCPU2_0, 0, 0, 0.002, 0.003, 0, 0, 0, 0, 0.002
Node_Ferm1_Eise4_0, 0, 0, 0.001, 0, 0, 0, 0, 0, 0
Node_Fibr4_Fibr2_0, 0.002, 0, 0.003, 0.006, 0.002, 0, 0.002, 0, 0.005
Node_Fibr4_Fibr6_0, 0, 0, 0.001, 0.001, 0, 0, 0, 0, 0.001
Node_FirmA104_FirmA78_0, 0, 0, 0.001, 0.001, 0, 0, 0, 0, 0
Node_FirmA109_FirmA77_0, 0, 0, 0.001, 0, 0, 0, 0, 0, 0
Node_FirmA109_FirmA95_0, 0, 0, 0.003, 0.003, 0, 0, 0, 0, 0.003
Node_FirmA12_FirmA93_0, 0.001, 0, 0.001, 0.001, 0.001, 0, 0.001, 0, 0.001
Node_FirmA14_FirmA113_0, 0, 0, 0.002, 0.003, 0, 0, 0, 0, 0.002
Node_FirmA18_FirmA103_0, 0, 0, 0.001, 0.001, 0, 0, 0, 0, 0.001
Node_FirmA20_FirmA100_0, 0, 0, 0.003, 0.002, 0, 0, 0, 0, 0.002
Node_FirmA20_FirmA25_0, 0, 0, 0.001, 0.003, 0, 0, 0, 0, 0.001
Node_FirmA20_FirmA52_0, 0.001, 0, 0, 0, 0.001, 0, 0.001, 0, 0.001
Node_FirmA21_FirmA47_0, 0, 0, 0.001, 0.002, 0, 0, 0, 0, 0.001
Node_FirmA21_FirmA88_0, 0, 0, 0.001, 0.002, 0, 0, 0, 0, 0.001
Node_FirmA24_FirmA8_0, 0.001, 0, 0, 0, 0.001, 0, 0.001, 0, 0.001
Node_FirmA25_FirmA56_0, 0, 0, 0.001, 0.001, 0, 0, 0, 0, 0.001
Node_FirmA26_FirmA7_0, 0, 0, 0.001, 0.001, 0, 0, 0, 0, 0.001
Node_FirmA28_FirmA94_0, 0, 0, 0.002, 0.002, 0, 0, 0, 0, 0.001
Node_FirmA29_FirmA51_0, 0, 0, 0.001, 0.002, 0, 0, 0, 0, 0.001
Node_FirmA38_FirmA32_0, 0.001, 0, 0, 0, 0.001, 0, 0.001, 0, 0.001
Node_FirmA45_FirmA40_0, 0.002, 0, 0.001, 0.002, 0.002, 0, 0.002, 0, 0.003
Node_FirmA52_FirmA107_0, 0, 0, 0.003, 0.002, 0, 0, 0, 0, 0.001
Node_FirmA52_FirmA42_0, 0.002, 0, 0.001, 0.003, 0.002, 0, 0.002, 0.001, 0.002
Node_FirmA53_FirmA35_0, 0, 0, 0.001, 0.001, 0, 0, 0, 0, 0.001
Node_FirmA58_FirmA43_0, 0, 0, 0.003, 0.003, 0, 0, 0, 0, 0.003
Node_FirmA59_FirmA36_0, 0.002, 0, 0, 0.001, 0.002, 0, 0.002, 0, 0.002
Node_FirmA59_FirmA44_0, 0, 0, 0.001, 0.001, 0, 0, 0, 0, 0.001
Node_FirmA59_FirmA48_0, 0, 0, 0.002, 0.001, 0, 0, 0, 0, 0
Node_FirmA60_FirmA74_0, 0, 0, 0.001, 0.001, 0, 0, 0, 0, 0.001
Node_FirmA61_FirmA66_0, 0, 0, 0.001, 0.001, 0, 0, 0, 0, 0
Node_FirmA62_FirmA104_0, 0.001, 0, 0, 0.001, 0.001, 0, 0.001, 0, 0.001
Node_FirmA62_FirmA58_0, 0, 0, 0.001, 0.001, 0, 0, 0, 0, 0
Node_FirmA63_FirmA109_0, 0.001, 0, 0, 0, 0.001, 0, 0.001, 0, 0.001
Node_FirmA63_FirmA10_0, 0, 0, 0.001, 0.002, 0, 0, 0, 0, 0
Node_FirmA63_FirmA45_0, 0, 0, 0.001, 0.004, 0, 0, 0, 0, 0.001
Node_FirmA63_FirmA57_0, 0, 0, 0.001, 0, 0, 0, 0, 0, 0
Node_FirmA64_FirmA33_0, 0.001, 0, 0.002, 0.002, 0.001, 0, 0.001, 0, 0.003
Node_FirmA65_FirmA5_0, 0, 0, 0.002, 0.002, 0, 0, 0, 0, 0.002
Node_FirmA65_FirmA64_0, 0, 0, 0.001, 0.001, 0, 0, 0, 0, 0.001
Node_FirmA67_FirmA79_0, 0.001, 0, 0.002, 0.002, 0.001, 0, 0.001, 0, 0.003
Node_FirmA69_FirmA28_0, 0.001, 0, 0, 0, 0.001, 0, 0.001, 0, 0.001
Node_FirmA69_FirmA72_0, 0, 0, 0.001, 0, 0, 0, 0, 0, 0
Node_FirmA7_FirmA12_0, 0.001, 0, 0.002, 0.002, 0.001, 0, 0.001, 0, 0.001
Node_FirmA7_FirmA90_0, 0.002, 0, 0, 0, 0.002, 0, 0.002, 0, 0.002
Node_FirmA81_FirmA19_0, 0.001, 0, 0, 0, 0.001, 0, 0.001, 0, 0.001
Node_FirmA83_FirmA11_0, 0, 0, 0.001, 0, 0, 0, 0, 0, 0
Node_FirmA83_FirmA49_0, 0, 0, 0.001, 0.002, 0, 0, 0, 0, 0.001
Node_FirmA84_FirmA16_0, 0.001, 0, 0, 0, 0.001, 0, 0.001, 0, 0.001
Node_FirmA84_FirmA46_0, 0, 0, 0.001, 0.002, 0, 0, 0, 0, 0
Node_FirmA84_FirmA63_0, 0.001, 0, 0, 0, 0.001, 0, 0.001, 0.001, 0
Node_FirmA85_DTU0X1_0, 0, 0, 0.001, 0, 0, 0, 0, 0, 0
Node_FirmA85_FirmA60_0, 0, 0, 0.001, 0.001, 0, 0, 0, 0, 0.001
Node_FirmA85_FirmC13_0, 0.001, 0, 0, 0.002, 0.001, 0.001, 0.001, 0.001, 0
Node_FirmA86_FirmA61_0, 0.001, 0, 0, 0, 0.001, 0, 0.001, 0, 0.001
Node_FirmA88_FirmA101_0, 0.001, 0, 0.001, 0.001, 0.001, 0, 0.001, 0, 0.002
Node_FirmA89_FirmA105_0, 0, 0, 0.001, 0, 0, 0, 0, 0, 0
Node_FirmA89_FirmA110_0, 0.001, 0, 0.001, 0.001, 0.001, 0, 0.001, 0, 0.002
Node_FirmA89_FirmA68_0, 0.001, 0, 0.001, 0.001, 0.001, 0, 0.001, 0, 0.002
Node_FirmA90_FirmA112_0, 0.001, 0, 0.003, 0.003, 0.001, 0, 0.001, 0.001, 0.002
Node_FirmA92_FirmA54_0, 0, 0, 0.001, 0.001, 0, 0, 0, 0, 0.001
Node_FirmA94_FirmA75_0, 0, 0, 0.001, 0.001, 0, 0, 0, 0, 0.001
Node_FirmA99_FirmA18_0, 0, 0, 0.002, 0.003, 0, 0, 0, 0, 0.002
Node_FirmB16_FirmB13_0, 0, 0, 0.004, 0.004, 0, 0, 0, 0, 0.004
Node_FirmB17_FirmB15_0, 0, 0, 0.001, 0.001, 0, 0, 0, 0, 0.001
Node_FirmB2_FirmB11_0, 0, 0, 0.001, 0.001, 0, 0, 0, 0, 0.001
Node_FirmB2_FirmB12_0, 0, 0, 0.001, 0.001, 0, 0, 0, 0, 0.001
Node_FirmB3_FirmB14_0, 0.001, 0, 0.002, 0.002, 0.001, 0, 0.001, 0, 0.003
Node_FirmB4_FirmB17_0, 0, 0, 0.002, 0.002, 0, 0, 0, 0, 0.002
Node_FirmB4_FirmB1_0, 0, 0, 0.001, 0.001, 0, 0, 0, 0, 0.001
Node_FirmB4_FirmB3_0, 0, 0, 0.001, 0.001, 0, 0, 0, 0, 0.001
Node_FirmB6_FirmB7_0, 0, 0, 0.001, 0.001, 0, 0, 0, 0, 0.001
Node_FirmB8_FirmB9_0, 0, 0, 0.001, 0.001, 0, 0, 0, 0, 0.001
Node_FirmB9_FirmB10_0, 0, 0, 0.001, 0.001, 0, 0, 0, 0, 0.001
Node_FirmB9_FirmB6_0, 0, 0, 0.001, 0.001, 0, 0, 0, 0, 0.001
Node_FirmC10_FirmC14_0, 0.001, 0, 0.001, 0.001, 0.001, 0, 0.001, 0, 0.002
Node_FirmC10_FirmC19_0, 0, 0, 0.002, 0.001, 0, 0, 0, 0, 0.001
Node_FirmC13_FirmB8_0, 0, 0, 0.001, 0, 0, 0, 0, 0, 0
Node_FirmC13_FirmC10_0, 0.001, 0, 0.002, 0.003, 0.001, 0, 0.001, 0, 0.003
Node_FirmC13_FirmC17_0, 0.001, 0, 0.001, 0.001, 0.001, 0, 0.001, 0, 0.001
Node_FirmC13_Firms33_0, 0.001, 0, 0, 0, 0.001, 0, 0.001, 0.001, 0
Node_FirmC15_FirmC12_0, 0, 0, 0.004, 0.006, 0, 0, 0, 0, 0.004
Node_FirmC1_FirmC4_0, 0, 0, 0.001, 0.001, 0, 0, 0, 0, 0
Node_FirmC6_FirmC16_0, 0.001, 0, 0.002, 0.003, 0.001, 0, 0.001, 0, 0.002
Node_FirmC6_FirmC1_0, 0.001, 0, 0.002, 0.002, 0.001, 0, 0.001, 0, 0.002
Node_FirmC8_FirmC11_0, 0, 0, 0.003, 0.004, 0, 0, 0, 0, 0.002
Node_FirmC8_FirmC6_0, 0.001, 0, 0.001, 0.001, 0.001, 0, 0.001, 0, 0.002
Node_FirmD4_FirmD2_0, 0, 0, 0.002, 0.001, 0, 0.001, 0, 0, 0
Node_FirmE4_FirmE6_0, 0, 0, 0.003, 0.003, 0, 0, 0, 0, 0.003
Node_FirmE5_FirmE3_0, 0, 0, 0.001, 0.001, 0, 0, 0, 0, 0.001
Node_FirmE7_FirmE1_0, 0.001, 0, 0.001, 0.001, 0.001, 0, 0.001, 0, 0.002
Node_FirmE7_FirmE2_0, 0.001, 0, 0.002, 0.002, 0.001, 0, 0.001, 0, 0.002
Node_FirmE7_FirmE8_0, 0, 0, 0.001, 0, 0, 0, 0, 0, 0
Node_FirmF1_FirmG6_0, 0, 0, 0.001, 0.001, 0, 0, 0, 0, 0
Node_FirmF2_FirmF3_0, 0, 0, 0.003, 0.003, 0, 0, 0, 0, 0.003
Node_FirmG5_FirmG1_0, 0, 0, 0.003, 0.007, 0, 0, 0, 0, 0.003
Node_FirmG5_FirmG2_0, 0, 0, 0.001, 0.002, 0, 0, 0, 0, 0
Node_FirmG6_FirmG4_0, 0, 0, 0.001, 0, 0, 0, 0, 0, 0
Node_FirmG6_FirmG5_0, 0.001, 0, 0, 0, 0.001, 0, 0.001, 0, 0.001
Node_Firms11_Firms17_0, 0.078, 0, 0, 0.018, 0.078, 0, 0.078, 0, 0.078
Node_Firms20_Firms12_0, 0.001, 0, 0.001, 0.001, 0.001, 0, 0.001, 0, 0.002
Node_Firms20_Firms29_0, 0, 0, 0.001, 0, 0, 0, 0, 0, 0
Node_Firms22_Firms27_0, 0, 0, 0.001, 0.001, 0, 0, 0, 0, 0.001
Node_Firms23_Firms18_0, 0.001, 0, 0.001, 0, 0.001, 0, 0.001, 0, 0.001
Node_Firms24_Firms26_0, 0.001, 0, 0.011, 0.007, 0.001, 0, 0.001, 0.001, 0.004
Node_Firms32_Firms25_0, 0, 0, 0.003, 0.003, 0, 0, 0, 0, 0.003
Node_Firms33_FirmA83_0, 0.001, 0, 0.001, 0.003, 0.001, 0.001, 0.001, 0.001, 0
Node_Firms33_FirmD1_0, 0.003, 0, 0, 0.002, 0.003, 0.002, 0.003, 0.003, 0
Node_Firms33_FirmD4_0, 0.001, 0, 0, 0.001, 0.001, 0, 0.001, 0.001, 0
Node_Firms33_Firms13_0, 0, 0, 0.002, 0, 0, 0, 0, 0, 0
Node_Firms33_Firms22_0, 0, 0, 0.001, 0, 0, 0, 0, 0, 0
Node_Firms33_Firms23_0, 0.001, 0, 0.001, 0.001, 0.001, 0, 0.001, 0, 0.002
Node_Firms33_Firms28_0, 0, 0, 0.001, 0, 0, 0, 0, 0, 0
Node_Firms33_Firms2_0, 0, 0, 0.001, 0.001, 0, 0, 0, 0, 0.001
Node_Firms33_Firms3_0, 0.001, 0, 0, 0, 0.001, 0.001, 0.001, 0.001, 0
Node_Firms33_Firms6_0, 0.002, 0, 0.002, 0.001, 0.002, 0, 0.002, 0.002, 0
Node_Firms33_Firms8_0, 0.004, 0, 0, 0, 0.004, 0.001, 0.004, 0.004, 0
Node_Firms33_Firms9_0, 0.001, 0, 0, 0, 0.001, 0, 0.001, 0, 0.001
Node_Firms8_Firms24_0, 0.008, 0, 0.038, 0.01, 0.008, 0, 0.008, 0.008, 0
Node_Firms8_Firms4_0, 0.046, 0, 0, 0.026, 0.046, 0.001, 0.046, 0.005, 0.041
Node_Gemm2_Gemm4_0, 0, 0, 0.002, 0.002, 0, 0, 0, 0, 0.002
Node_Gemm3_Gemm6_0, 0.001, 0, 0, 0.001, 0.001, 0, 0.001, 0, 0.001
Node_Gemm5_Gemm8_0, 0, 0, 0.001, 0.001, 0, 0, 0, 0, 0.001
Node_Gemm9_Gemm3_0, 0, 0, 0.002, 0.002, 0, 0, 0, 0, 0.002
Node_Gold1_Gold2_0, 0, 0, 0.002, 0.002, 0, 0, 0, 0, 0.002
Node_Hydr2_Abys1_0, 0, 0, 0.001, 0.001, 0, 0, 0, 0, 0.001
Node_KSB1X2_KSB1X4_0, 0.001, 0, 0.002, 0.001, 0.001, 0, 0.001, 0, 0.002
Node_KSB1X3_KSB1X1_0, 0, 0, 0.001, 0.001, 0, 0, 0, 0, 0
Node_Marg1_Marg6_0, 0, 0, 0.001, 0.002, 0, 0, 0, 0, 0.001
Node_Marg2_Marg7_0, 0.002, 0, 0, 0, 0.002, 0, 0.002, 0, 0.002
Node_Mari3_Mari2_0, 0, 0, 0.001, 0.001, 0, 0, 0, 0, 0.001
Node_Mari6_Mari1_0, 0, 0, 0.001, 0.002, 0, 0, 0, 0, 0.001
Node_Meth2_Meth1_0, 0.001, 0, 0.004, 0.007, 0.001, 0, 0.001, 0, 0.005
Node_Meth4_Meth3_0, 0, 0, 0.001, 0.001, 0, 0, 0, 0, 0.001
Node_Meth5_NitsA1_0, 0, 0, 0.002, 0.002, 0, 0, 0, 0, 0.002
Node_MyxA1_MyxA2_0, 0, 0, 0.001, 0, 0, 0, 0, 0, 0
Node_MyxA1_MyxA4_0, 0.001, 0, 0, 0, 0.001, 0, 0.001, 0.001, 0
Node_MyxA2_MyxA3_0, 0.001, 0, 0.001, 0.001, 0.001, 0, 0.001, 0, 0.002
Node_Myxo10_MyxA1_0, 0.001, 0, 0, 0, 0.001, 0, 0.001, 0, 0.001
Node_Myxo10_Myxo11_0, 0.001, 0, 0.001, 0, 0.001, 0, 0.001, 0, 0.001
Node_Myxo10_Myxo14_0, 0.001, 0, 0.001, 0.001, 0.001, 0, 0.001, 0.001, 0.001
Node_Myxo10_Myxo15_0, 0.021, 0, 0.001, 0.003, 0.021, 0, 0.021, 0.003, 0.019
Node_Myxo10_Myxo17_0, 0.003, 0, 0.002, 0.003, 0.003, 0, 0.003, 0, 0.004
Node_Myxo11_Bdell13_0, 0, 0, 0.001, 0.001, 0, 0, 0, 0, 0
Node_Myxo11_Myxo13_0, 0, 0, 0.002, 0.004, 0, 0, 0, 0, 0.002
Node_Myxo14_Myxo3_0, 0, 0, 0.001, 0.001, 0, 0, 0, 0, 0
Node_Myxo14_Myxo5_0, 0.001, 0, 0, 0, 0.001, 0, 0.001, 0, 0.001
Node_Myxo14_Myxo6_0, 0, 0, 0.002, 0.002, 0, 0, 0, 0, 0.001
Node_Myxo15_Myxo18_0, 0.184, 0, 0.001, 0.019, 0.184, 0, 0.184, 0.021, 0.164
Node_Myxo17_Myxo19_0, 0, 0, 0.004, 0.002, 0, 0, 0, 0, 0.001
Node_Myxo2_Myxo1_0, 0, 0, 0.001, 0.001, 0, 0, 0, 0, 0.001
Node_Myxo8_Myxo7_0, 0.001, 0, 0, 0, 0.001, 0, 0.001, 0, 0.001
Node_Nitr10_Nitr3_0, 0, 0, 0.001, 0.001, 0, 0, 0, 0, 0.001
Node_Nitr10_Nitr4_0, 0, 0, 0.003, 0.003, 0, 0, 0, 0, 0.003
Node_Nitr10_Nitr6_0, 0.001, 0, 0, 0, 0.001, 0, 0.001, 0, 0.001
Node_Nitr14_Nitr12_0, 0, 0, 0.003, 0.003, 0, 0, 0, 0, 0.002
Node_Nitr14_Nitr16_0, 0.001, 0, 0, 0.001, 0.001, 0, 0.001, 0, 0.001
Node_Nitr15_Nitr1_0, 0.001, 0, 0, 0, 0.001, 0, 0.001, 0, 0.001
Node_Nitr15_Nitr8_0, 0, 0, 0.001, 0, 0, 0, 0, 0, 0
Node_Nitr16_Nitr11_0, 0, 0, 0.002, 0.002, 0, 0, 0, 0, 0.002
Node_Nitr16_Nitr17_0, 0, 0, 0.001, 0, 0, 0, 0, 0, 0
Node_Nitr17_Nitr5_0, 0.001, 0, 0.001, 0.001, 0.001, 0, 0.001, 0, 0.002
Node_Nitr9_Nitr7_0, 0.001, 0, 0.001, 0.001, 0.001, 0, 0.001, 0, 0.002
Node_Nits1_Nits3_0, 0.001, 0, 0.001, 0.001, 0.001, 0, 0.001, 0, 0.002
Node_Nits4_Nits2_0, 0, 0, 0.001, 0.002, 0, 0, 0, 0, 0.001
Node_NitsA1_NitsA2_0, 0, 0, 0.001, 0.001, 0, 0, 0, 0, 0.001
Node_NitsA3_Nits4_0, 0, 0, 0.001, 0.001, 0, 0, 0, 0, 0.001
Node_Omni4_Omni2_0, 0.001, 0, 0.001, 0.001, 0.001, 0, 0.001, 0, 0.002
Node_Omni4_Omni7_0, 0, 0, 0.001, 0.001, 0, 0, 0, 0, 0.001
Node_P4572X1_Ferm1_0, 0.001, 0, 0, 0, 0.001, 0, 0.001, 0.001, 0
Node_P4572X1_Gemm5_0, 0, 0, 0.001, 0.001, 0, 0, 0, 0, 0
Node_Pate13_Pate34_0, 0.001, 0, 0, 0, 0.001, 0, 0.001, 0, 0.001
Node_Pate13_Pate6_0, 0, 0, 0.002, 0.002, 0, 0, 0, 0, 0.002
Node_Pate14_Pate5_0, 0, 0, 0.001, 0.001, 0, 0, 0, 0, 0.001
Node_Pate15_Pate29_0, 0, 0, 0.001, 0.002, 0, 0, 0, 0, 0.001
Node_Pate17_Pate19_0, 0, 0, 0.001, 0.001, 0, 0, 0, 0, 0.001
Node_Pate17_Pate8_0, 0, 0, 0.001, 0.001, 0, 0, 0, 0, 0.001
Node_Pate18_Pate38_0, 0.001, 0, 0.001, 0.001, 0.001, 0, 0.001, 0, 0.002
Node_Pate18_Pate9_0, 0, 0, 0.001, 0.001, 0, 0, 0, 0, 0.001
Node_Pate21_Pate15_0, 0, 0, 0.001, 0, 0, 0, 0, 0, 0
Node_Pate21_Pate26_0, 0.001, 0, 0, 0.001, 0.001, 0.001, 0.001, 0.001, 0
Node_Pate24_Pate14_0, 0, 0, 0.002, 0.002, 0, 0, 0, 0, 0.002
Node_Pate24_Pate39_0, 0, 0, 0.001, 0.001, 0, 0, 0, 0, 0.001
Node_Pate26_Pate12_0, 0.001, 0, 0.001, 0.001, 0.001, 0, 0.001, 0.001, 0.001
Node_Pate43_Pate57_0, 0.001, 0, 0, 0, 0.001, 0, 0.001, 0, 0.001
Node_Pate45_Pate21_0, 0, 0, 0.001, 0.001, 0, 0, 0, 0, 0.001
Node_Pate48_Chlo30_0, 0.001, 0, 0, 0.002, 0.001, 0, 0.001, 0.001, 0
Node_Pate48_Pate23_0, 0, 0, 0.001, 0, 0, 0, 0, 0, 0
Node_Pate48_Pate30_0, 0, 0, 0.001, 0.003, 0, 0.001, 0, 0, 0
Node_Pate48_Pate49_0, 0, 0, 0.001, 0.001, 0, 0, 0, 0, 0.001
Node_Pate48_Pate51_0, 0, 0, 0.001, 0.001, 0, 0, 0, 0, 0.001
Node_Pate49_Pate41_0, 0, 0, 0.001, 0.001, 0, 0, 0, 0, 0.001
Node_Pate51_Pate27_0, 0.001, 0, 0, 0.001, 0.001, 0, 0.001, 0.001, 0
Node_Pate51_Pate53_0, 0.001, 0, 0, 0, 0.001, 0, 0.001, 0, 0.001
Node_Pate54_Pate31_0, 0, 0, 0.001, 0.001, 0, 0, 0, 0, 0.001
Node_Plan17_Plan23_0, 0, 0, 0.002, 0.003, 0, 0, 0, 0, 0.002
Node_Plan22_Plan2_0, 0.001, 0, 0, 0, 0.001, 0, 0.001, 0, 0.001
Node_Plan22_Plan4_0, 0, 0, 0.001, 0.001, 0, 0, 0, 0, 0.001
Node_Plan30_Plan14_0, 0.001, 0, 0.003, 0.003, 0.001, 0, 0.001, 0, 0.003
Node_Plan32_Plan12_0, 0.001, 0, 0.003, 0.003, 0.001, 0, 0.001, 0, 0.002
Node_Plan32_Plan22_0, 0, 0, 0.001, 0.001, 0, 0, 0, 0, 0.001
Node_Plan32_Plan26_0, 0, 0, 0.001, 0.002, 0, 0, 0, 0, 0.001
Node_Plan32_Plan30_0, 0.001, 0, 0, 0.001, 0.001, 0, 0.001, 0, 0.001
Node_Plan32_Plan3_0, 0.002, 0, 0.002, 0.002, 0.002, 0, 0.002, 0.001, 0.003
Node_Plan33_Plan44_0, 0, 0, 0.001, 0.003, 0, 0, 0, 0, 0.001
Node_Plan42_Plan40_0, 0, 0, 0.001, 0.002, 0, 0, 0, 0, 0
Node_Plan43_Plan42_0, 0.001, 0, 0.001, 0.001, 0.001, 0, 0.001, 0, 0.002
Node_Pori1_Pori2_0, 0.001, 0, 0.001, 0, 0.001, 0, 0.001, 0, 0.001
Node_ProtA12_ProtA44_0, 0, 0, 0.001, 0.001, 0, 0, 0, 0, 0.001
Node_ProtA12_ProtA54_0, 0, 0, 0.002, 0.003, 0, 0, 0, 0, 0.002
Node_ProtA13_ProtA61_0, 0.001, 0, 0.001, 0.002, 0.001, 0, 0.001, 0, 0.002
Node_ProtA13_ProtA77_0, 0, 0, 0.001, 0.001, 0, 0, 0, 0, 0
Node_ProtA15_ProtA42_0, 0, 0, 0.001, 0, 0, 0, 0, 0, 0
Node_ProtA15_ProtA70_0, 0.001, 0, 0, 0, 0.001, 0, 0.001, 0.001, 0
Node_ProtA16_ProtA8_0, 0, 0, 0.001, 0.001, 0, 0, 0, 0, 0.001
Node_ProtA18_ProtA10_0, 0, 0, 0.002, 0.002, 0, 0, 0, 0, 0.001
Node_ProtA18_ProtA29_0, 0.001, 0, 0.003, 0.002, 0.001, 0, 0.001, 0, 0.001
Node_ProtA18_ProtA53_0, 0.003, 0, 0.001, 0.004, 0.003, 0, 0.003, 0, 0.004
Node_ProtA19_ProtA14_0, 0.001, 0, 0.003, 0.003, 0.001, 0, 0.001, 0, 0.004
Node_ProtA19_ProtA20_0, 0, 0, 0.001, 0.001, 0, 0, 0, 0, 0.001
Node_ProtA19_ProtA3_0, 0, 0, 0.001, 0.001, 0, 0, 0, 0, 0
Node_ProtA19_ProtA49_0, 0, 0, 0.001, 0.001, 0, 0, 0, 0, 0.001
Node_ProtA19_ProtA74_0, 0, 0, 0.001, 0.001, 0, 0, 0, 0, 0.001
Node_ProtA19_ProtA75_0, 0, 0, 0.001, 0.001, 0, 0, 0, 0, 0.001
Node_ProtA26_ProtA37_0, 0, 0, 0.001, 0, 0, 0, 0, 0, 0
Node_ProtA26_ProtA45_0, 0.001, 0, 0, 0, 0.001, 0, 0.001, 0.001, 0
Node_ProtA30_ProtA35_0, 0, 0, 0.001, 0.001, 0, 0, 0, 0, 0.001
Node_ProtA34_J088X1_0, 0.001, 0, 0, 0, 0.001, 0.001, 0.001, 0.001, 0
Node_ProtA34_ProtA13_0, 0.001, 0, 0, 0, 0.001, 0, 0.001, 0, 0.001
Node_ProtA34_ProtA26_0, 0.001, 0, 0.004, 0.002, 0.001, 0, 0.001, 0.001, 0
Node_ProtA34_ProtA38_0, 0, 0, 0.001, 0.001, 0, 0, 0, 0, 0.001
Node_ProtA34_ProtA39_0, 0, 0, 0.001, 0, 0, 0, 0, 0, 0
Node_ProtA34_ProtA40_0, 0, 0, 0.002, 0.001, 0, 0, 0, 0, 0.001
Node_ProtA34_ProtA43_0, 0, 0, 0.001, 0.001, 0, 0, 0, 0, 0.001
Node_ProtA34_ProtA9_0, 0.005, 0, 0, 0.002, 0.005, 0, 0.005, 0.003, 0.002
Node_ProtA34_ProtG30_0, 0.002, 0, 0, 0, 0.002, 0.001, 0.002, 0.002, 0
Node_ProtA34_ProtM1_0, 0.002, 0, 0, 0, 0.002, 0, 0.002, 0.002, 0
Node_ProtA34_mitoFungi_0, 0.003, 0, 0.001, 0, 0.003, 0, 0.003, 0.001, 0.002
Node_ProtA38_ProtA15_0, 0.001, 0, 0, 0, 0.001, 0, 0.001, 0, 0.001
Node_ProtA38_ProtA41_0, 0, 0, 0.002, 0.003, 0, 0, 0, 0, 0.002
Node_ProtA38_ProtA64_0, 0, 0, 0.001, 0, 0, 0, 0, 0, 0
Node_ProtA39_ProtA12_0, 0, 0, 0.001, 0.001, 0, 0, 0, 0, 0.001
Node_ProtA39_ProtA36_0, 0, 0, 0.001, 0.001, 0, 0, 0, 0, 0.001
Node_ProtA3_ProtA72_0, 0.001, 0, 0.003, 0.002, 0.001, 0, 0.001, 0, 0.003
Node_ProtA3_ProtA76_0, 0.001, 0, 0.002, 0.002, 0.001, 0, 0.001, 0, 0.003
Node_ProtA46_ProtA55_0, 0.002, 0, 0.001, 0.001, 0.002, 0, 0.002, 0, 0.003
Node_ProtA47_ProtA63_0, 0.179, 0, 0.004, 0.015, 0.179, 0, 0.179, 0.033, 0.148
Node_ProtA53_ProtA58_0, 0.035, 0, 0, 0.009, 0.035, 0, 0.035, 0.003, 0.032
Node_ProtA56_ProtA52_0, 0.001, 0, 0, 0.001, 0.001, 0, 0.001, 0, 0.001
Node_ProtA68_ProtA2_0, 0.001, 0, 0.002, 0.003, 0.001, 0, 0.001, 0, 0.003
Node_ProtA70_ProtA57_0, 0, 0, 0.001, 0.001, 0, 0, 0, 0, 0
Node_ProtA76_ProtA47_0, 0.035, 0, 0.001, 0.007, 0.035, 0, 0.035, 0.008, 0.028
Node_ProtA76_ProtA48_0, 0.008, 0, 0, 0, 0.008, 0, 0.008, 0.001, 0.007
Node_ProtA76_ProtA62_0, 0.001, 0, 0.035, 0.005, 0.001, 0, 0.001, 0.001, 0.001
Node_ProtA76_ProtA71_0, 0.002, 0, 0.001, 0.001, 0.002, 0, 0.002, 0.001, 0.002
Node_ProtA77_ProtA31_0, 0, 0, 0.001, 0.001, 0, 0, 0, 0, 0.001
Node_ProtA77_ProtA51_0, 0, 0, 0.001, 0.001, 0, 0, 0, 0, 0.001
Node_ProtA9_ProtA60_0, 0.018, 0, 0, 0.007, 0.018, 0, 0.018, 0.005, 0.013
Node_ProtG12_ProtG5_0, 0.131, 0, 0.003, 0.018, 0.131, 0, 0.131, 0.082, 0.05
Node_ProtG16_ProtG17_0, 0.162, 0, 0.629, 0.437, 0.162, 0, 0.162, 0.162, 0.001
Node_ProtG18_ProtG10_0, 0.258, 0, 0.054, 0.048, 0.244, 0, 0.258, 0.121, 0.137
Node_ProtG18_ProtG12_0, 0.084, 0, 0.181, 0.033, 0.084, 0, 0.084, 0.077, 0.007
Node_ProtG18_ProtG14_0, 0.175, 0, 0.744, 0.144, 0.171, 0, 0.175, 0.145, 0.031
Node_ProtG18_ProtG21_0, 0.009, 0, 0.076, 0.015, 0.009, 0, 0.009, 0.009, 0.001
Node_ProtG24_ProtG18_0, 0.888, 0, 0.001, 0.131, 0.882, 0.001, 0.888, 0.871, 0.017
Node_ProtG25_ProtG9_0, 0.002, 0, 0.007, 0.004, 0.002, 0, 0.002, 0.002, 0.001
Node_ProtG29_ProtG76_0, 0.001, 0, 0.004, 0.003, 0.001, 0, 0.001, 0, 0.002
Node_ProtG30_ProtG19_0, 0, 0, 0.004, 0.005, 0, 0, 0, 0, 0.002
Node_ProtG30_ProtG31_0, 0.963, 0, 0.027, 0.036, 0.963, 0, 0.963, 0.961, 0.002
Node_ProtG30_ProtG34_0, 0.094, 0, 0.869, 0.06, 0.094, 0, 0.094, 0.094, 0
Node_ProtG30_ProtG35_0, 0.083, 0, 0.011, 0.02, 0.083, 0, 0.083, 0.083, 0
Node_ProtG30_ProtG39_0, 0.002, 0, 0.001, 0.001, 0.002, 0, 0.002, 0, 0.002
Node_ProtG30_ProtG42_0, 0.934, 0, 0, 0.06, 0.934, 0.017, 0.934, 0.933, 0.001
Node_ProtG30_ProtG49_0, 0.013, 0, 0.066, 0.029, 0.013, 0, 0.013, 0.013, 0.001
Node_ProtG30_ProtG50_0, 0.988, 0, 0, 0.072, 0.988, 0.049, 0.988, 0.983, 0.005
Node_ProtG30_ProtG64_0, 0.001, 0, 0.003, 0.002, 0.001, 0, 0.001, 0, 0.001
Node_ProtG30_ProtG71_0, 0.038, 0, 0, 0.005, 0.038, 0.031, 0.038, 0.037, 0.001
Node_ProtG30_ProtG80_0, 0.2, 0, 0, 0.032, 0.2, 0.152, 0.2, 0.19, 0.01
Node_ProtG30_ProtG84_0, 0.078, 0, 0.011, 0.015, 0.078, 0, 0.078, 0.072, 0.006
Node_ProtG30_ProtG85_0, 0.916, 0, 0, 0.058, 0.916, 0.706, 0.916, 0.906, 0.01
Node_ProtG30_ProtG87_0, 0.003, 0, 0.012, 0.008, 0.003, 0, 0.003, 0.002, 0.002
Node_ProtG30_ProtZ3_0, 0.006, 0, 0, 0.001, 0.006, 0.004, 0.006, 0.006, 0
Node_ProtG30_ProtZ5_0, 0.002, 0, 0, 0, 0.002, 0, 0.002, 0.002, 0
Node_ProtG31_ProtG16_0, 0.79, 0, 0.114, 0.578, 0.79, 0, 0.79, 0.783, 0.007
Node_ProtG31_ProtG32_0, 0.97, 0, 0.004, 0.04, 0.97, 0.005, 0.97, 0.964, 0.006
Node_ProtG31_ProtG36_0, 0.932, 0, 0.006, 0.016, 0.932, 0, 0.932, 0.927, 0.005
Node_ProtG31_ProtG44_0, 0.78, 0, 0.02, 0.835, 0.78, 0, 0.78, 0.77, 0.01
Node_ProtG31_ProtG45_0, 0.933, 0, 0.037, 0.027, 0.933, 0, 0.933, 0.933, 0
Node_ProtG31_ProtG47_0, 0.897, 0, 0.004, 0.024, 0.895, 0, 0.897, 0.881, 0.016
Node_ProtG31_ProtG61_0, 0.885, 0, 0.048, 0.049, 0.884, 0, 0.885, 0.884, 0.001
Node_ProtG32_ProtG26_0, 0.005, 0, 0.018, 0.011, 0.005, 0, 0.005, 0.004, 0.002
Node_ProtG32_ProtG33_0, 0.966, 0, 0.012, 0.083, 0.96, 0, 0.966, 0.958, 0.008
Node_ProtG32_ProtG37_0, 0.098, 0, 0.87, 0.157, 0.098, 0, 0.098, 0.097, 0.002
Node_ProtG32_ProtG43_0, 0.021, 0, 0.081, 0.051, 0.021, 0, 0.021, 0.02, 0.004
Node_ProtG33_ProtG48_0, 0.168, 0, 0.832, 0.203, 0.165, 0, 0.168, 0.149, 0.02
Node_ProtG33_ProtG67_0, 0.98, 0, 0.002, 0.104, 0.968, 0, 0.98, 0.965, 0.016
Node_ProtG33_ProtG7_0, 0.165, 0, 0.079, 0.109, 0.163, 0, 0.165, 0.089, 0.076
Node_ProtG35_ProtG81_0, 0.014, 0, 0.069, 0.028, 0.014, 0, 0.014, 0.014, 0
Node_ProtG36_ProtG20_0, 0.005, 0, 0.074, 0.053, 0.005, 0, 0.005, 0.005, 0.001
Node_ProtG36_ProtG24_0, 0.871, 0, 0.012, 0.1, 0.869, 0.001, 0.871, 0.866, 0.005
Node_ProtG36_ProtG38_0, 0.877, 0, 0.055, 0.128, 0.877, 0, 0.877, 0.877, 0
Node_ProtG36_ProtG65_0, 0.078, 0, 0.793, 0.156, 0.078, 0, 0.078, 0.078, 0
Node_ProtG37_ProtG41_0, 0.003, 0, 0.003, 0.003, 0.003, 0, 0.003, 0.002, 0.001
Node_ProtG37_ProtG51_0, 0.002, 0, 0.002, 0.001, 0.002, 0, 0.002, 0.002, 0.001
Node_ProtG37_ProtG53_0, 0.026, 0, 0.076, 0.046, 0.026, 0, 0.026, 0.025, 0.004
Node_ProtG37_ProtG8_0, 0.005, 0, 0.023, 0.01, 0.005, 0, 0.005, 0.003, 0.002
Node_ProtG38_ProtG28_0, 0.046, 0, 0.831, 0.136, 0.046, 0, 0.046, 0.046, 0
Node_ProtG38_ProtG46_0, 0.01, 0, 0.037, 0.02, 0.01, 0, 0.01, 0.01, 0.001
Node_ProtG39_ProtG15_0, 0.001, 0, 0.002, 0.001, 0.001, 0, 0.001, 0.001, 0.001
Node_ProtG41_ProtG40_0, 0.002, 0, 0.002, 0.001, 0.002, 0, 0.002, 0.002, 0.001
Node_ProtG42_ProtG74_0, 0.014, 0, 0.92, 0.051, 0.014, 0, 0.014, 0.014, 0
Node_ProtG43_ProtG55_0, 0.004, 0, 0.018, 0.013, 0.004, 0, 0.004, 0.004, 0.001
Node_ProtG44_ProtG22_0, 0.823, 0, 0.002, 0.387, 0.823, 0, 0.823, 0.778, 0.045
Node_ProtG45_ProtG66_0, 0.016, 0, 0.918, 0.033, 0.016, 0, 0.016, 0.016, 0.001
Node_ProtG45_ProtG75_0, 0, 0, 0.016, 0.008, 0, 0, 0, 0, 0
Node_ProtG47_ProtG62_0, 0.909, 0, 0.004, 0.033, 0.908, 0, 0.909, 0.894, 0.016
Node_ProtG48_ProtG1_0, 0.033, 0, 0.135, 0.061, 0.033, 0, 0.033, 0.033, 0
Node_ProtG48_ProtG25_0, 0.008, 0, 0.031, 0.021, 0.008, 0, 0.008, 0.006, 0.006
Node_ProtG48_ProtG6_0, 0.003, 0, 0.007, 0.005, 0.003, 0, 0.003, 0.002, 0.002
Node_ProtG49_ProtG29_0, 0.003, 0, 0.011, 0.008, 0.003, 0, 0.003, 0.003, 0.001
Node_ProtG53_ProtG27_0, 0.007, 0, 0.022, 0.015, 0.007, 0, 0.007, 0.006, 0.003
Node_ProtG53_ProtG70_0, 0.001, 0, 0.006, 0.004, 0.001, 0, 0.001, 0.001, 0
Node_ProtG58_ProtG59_0, 0.879, 0, 0.051, 0.698, 0.879, 0, 0.879, 0.877, 0.002
Node_ProtG59_ProtG73_0, 0.899, 0, 0.002, 0.152, 0.898, 0, 0.899, 0.878, 0.022
Node_ProtG61_ProtG60_0, 0, 0, 0.011, 0.01, 0, 0, 0, 0, 0.003
Node_ProtG61_ProtG72_0, 0.03, 0, 0.856, 0.06, 0.03, 0, 0.03, 0.029, 0.001
Node_ProtG61_ProtG78_0, 0.008, 0, 0.026, 0.023, 0.008, 0, 0.008, 0.006, 0.004
Node_ProtG62_ProtG77_0, 0.02, 0, 0.89, 0.034, 0.02, 0, 0.02, 0.019, 0.001
Node_ProtG65_ProtG69_0, 0.003, 0, 0.075, 0.054, 0.003, 0, 0.003, 0.003, 0
Node_ProtG66_ProtG68_0, 0.005, 0, 0.011, 0.012, 0.005, 0, 0.005, 0.005, 0
Node_ProtG67_ProtG63_0, 1.001, 0, 0.011, 0.133, 0.999, 0, 1.001, 0.969, 0.032
Node_ProtG80_ProtG57_0, 0.121, 0, 0.177, 0.065, 0.121, 0.001, 0.121, 0.024, 0.097
Node_ProtG81_ProtG79_0, 0.005, 0, 0.009, 0.016, 0.005, 0, 0.005, 0.005, 0
Node_ProtG83_ProtG52_0, 0.794, 0, 0.005, 0.299, 0.793, 0, 0.794, 0.768, 0.026
Node_ProtG83_ProtG89_0, 0.773, 0, 0.001, 0.053, 0.772, 0.001, 0.773, 0.207, 0.567
Node_ProtG84_ProtG11_0, 0.011, 0, 0.195, 0.041, 0.011, 0, 0.011, 0.011, 0
Node_ProtG84_ProtG83_0, 0.206, 0, 0.002, 0.024, 0.206, 0, 0.206, 0.094, 0.112
Node_ProtG84_ProtG90_0, 0.096, 0, 0.007, 0.011, 0.096, 0, 0.096, 0.071, 0.025
Node_ProtG85_ProtG56_0, 0.897, 0, 0.006, 0.008, 0.896, 0, 0.897, 0.872, 0.026
Node_ProtG85_ProtG58_0, 0.928, 0, 0.007, 0.039, 0.928, 0.001, 0.928, 0.911, 0.018
Node_ProtG85_ProtG86_0, 0.017, 0, 0.893, 0.008, 0.017, 0, 0.017, 0.006, 0.013
Node_ProtG85_ProtG88_0, 0.877, 0, 0.056, 0.023, 0.877, 0, 0.877, 0.872, 0.005
Node_ProtG85_ProtG91_0, 0.003, 0, 0.015, 0.006, 0.003, 0, 0.003, 0.003, 0.001
Node_ProtG86_ProtG82_0, 0.144, 0, 0.007, 0.023, 0.144, 0, 0.144, 0.011, 0.134
Node_ProtG87_ProtG3_0, 0.001, 0, 0.004, 0.005, 0.001, 0, 0.001, 0, 0.003
Node_ProtG87_ProtG4_0, 0.002, 0, 0.001, 0, 0.002, 0, 0.002, 0.002, 0
Node_ProtG89_ProtG13_0, 0.798, 0, 0.01, 0.013, 0.798, 0, 0.798, 0.764, 0.035
Node_ProtG90_ProtG54_0, 0.007, 0, 0.091, 0.02, 0.007, 0, 0.007, 0.005, 0.002
Node_ProtM1_ProtM2_0, 0, 0, 0.004, 0.001, 0, 0, 0, 0, 0.001
Node_ProtM1_ProtM3_0, 0.003, 0, 0, 0, 0.003, 0, 0.003, 0.002, 0.001
Node_ProtZ3_ProtZ2_0, 0, 0, 0.007, 0.001, 0, 0, 0, 0, 0.001
Node_SAR3X2_SAR3X1_0, 0, 0, 0.001, 0.001, 0, 0, 0, 0, 0.001
Node_SM23X1_KSB1X2_0, 0.001, 0, 0, 0.002, 0.001, 0, 0.001, 0, 0.001
Node_SM23X1_KSB1X3_0, 0.001, 0, 0, 0, 0.001, 0, 0.001, 0.001, 0
Node_SM23X1_P4572X1_0, 0.001, 0, 0, 0, 0.001, 0, 0.001, 0.001, 0
Node_SM23X1_Pori1_0, 0.001, 0, 0, 0, 0.001, 0.001, 0.001, 0.001, 0
Node_SM23X1_RBG1_0, 0.001, 0, 0, 0, 0.001, 0, 0.001, 0.001, 0
Node_SM23X1_TA06X1_0, 0.001, 0, 0, 0, 0.001, 0, 0.001, 0.001, 0
Node_SM23X1_Zixi5_0, 0, 0, 0.001, 0, 0, 0, 0, 0, 0
Node_Spir10_Spir13_0, 0, 0, 0.002, 0, 0, 0, 0, 0, 0
Node_Spir10_Spir3_0, 0, 0, 0.003, 0.003, 0, 0, 0, 0, 0.003
Node_Spir10_Spir8_0, 0.002, 0, 0, 0.001, 0.002, 0, 0.002, 0, 0.002
Node_Spir13_Spir2_0, 0, 0, 0.001, 0.001, 0, 0, 0, 0, 0.001
Node_Spir15_Spir9_0, 0.001, 0, 0, 0, 0.001, 0, 0.001, 0, 0.001
Node_Sume1_OLB1X1_0, 0, 0, 0.001, 0.001, 0, 0.001, 0, 0, 0
Node_Syne1_Calda2_0, 0.001, 0, 0, 0, 0.001, 0, 0.001, 0.001, 0
Node_Syne1_Dein5_0, 0.001, 0, 0, 0, 0.001, 0.001, 0.001, 0.001, 0
Node_Syne1_Syne2_0, 0, 0, 0.003, 0.003, 0, 0, 0, 0, 0.003
Node_Syne1_Syne4_0, 0.001, 0, 0, 0.002, 0.001, 0, 0.001, 0, 0.001
Node_Syne1_Syne6_0, 0, 0, 0.001, 0, 0, 0, 0, 0, 0
Node_Syne1_Syne7_0, 0, 0, 0.001, 0.001, 0, 0, 0, 0, 0.001
Node_Syne1_Syne9_0, 0, 0, 0.001, 0, 0, 0, 0, 0, 0
Node_Syne2_Syne8_0, 0.001, 0, 0, 0.001, 0.001, 0, 0.001, 0, 0.001
Node_Syne4_Syne5_0, 0, 0, 0.002, 0.002, 0, 0, 0, 0, 0.001
Node_Syne7_Syne10_0, 0.001, 0, 0.001, 0.001, 0.001, 0, 0.001, 0, 0.002
Node_Syne8_Syne3_0, 0, 0, 0.002, 0.001, 0, 0, 0, 0, 0.001
Node_TA06X1_Cloa1_0, 0, 0, 0.001, 0, 0, 0, 0, 0, 0
Node_Therg2_Therg4_0, 0.001, 0, 0.001, 0.001, 0.001, 0, 0.001, 0, 0.002
Node_Therg8_Therg6_0, 0, 0, 0.001, 0.001, 0, 0, 0, 0, 0.001
Node_Thers1_Desua45_0, 0.001, 0, 0, 0, 0.001, 0, 0.001, 0, 0.001
Node_UBA1X5_UBA1X4_0, 0, 0, 0.004, 0.005, 0, 0, 0, 0, 0.004
Node_UBA9X3_UBA9X2_0, 0.001, 0, 0, 0.001, 0.001, 0, 0.001, 0, 0.001
Node_Verr11_Aure2_0, 0.011, 0, 0, 0.005, 0.011, 0.002, 0.011, 0.003, 0.008
Node_Verr11_Aure3_0, 0.001, 0, 0, 0, 0.001, 0, 0.001, 0, 0.001
Node_Verr11_Verr12_0, 0.978, 0, 0.012, 0.776, 0.976, 0, 0.978, 0.973, 0.007
Node_Verr11_Verr14_0, 0.983, 0, 0.003, 0.095, 0.983, 0, 0.983, 0.121, 0.865
Node_Verr11_Verr7_0, 0.078, 0, 0, 0.009, 0.078, 0, 0.078, 0.063, 0.015
Node_Verr11_Verr8_0, 0.063, 0, 0, 0.015, 0.063, 0.001, 0.063, 0.012, 0.051
Node_Verr11_Verr9_0, 0.121, 0, 0, 0.014, 0.121, 0, 0.121, 0.078, 0.043
Node_Verr3_Verr10_0, 0.098, 0, 0.002, 0.023, 0.098, 0, 0.098, 0.063, 0.036
Node_Verr5_Verr6_0, 0.007, 0, 0.055, 0.021, 0.007, 0, 0.007, 0.007, 0
Node_Verr7_Verr13_0, 0.08, 0, 0.002, 0.016, 0.08, 0, 0.08, 0.074, 0.006
Node_Verr7_Verr2_0, 0.994, 0, 0.003, 0.145, 0.994, 0, 0.994, 0.079, 0.917
Node_Verr7_Verr4_0, 0.076, 0, 0.002, 0.01, 0.076, 0, 0.076, 0.076, 0
Node_Verr8_Verr3_0, 0.064, 0, 0.002, 0.012, 0.064, 0, 0.064, 0.061, 0.004
Node_Verr8_Verr5_0, 0.062, 0, 0.002, 0.01, 0.062, 0, 0.062, 0.061, 0.001
Node_Wall1_Rifl1_0, 0, 0, 0.002, 0.002, 0, 0.001, 0, 0, 0.001
Node_Zixi4_Zixi3_0, 0, 0, 0.001, 0.002, 0, 0, 0, 0, 0.001
Node_chloroArabidopsis_chloroBryophyte_0, 0.001, 0, 0, 0, 0.001, 0, 0.001, 0, 0.001
Node_chloroArabidopsis_chloroLycophyte_0, 0.001, 0, 0, 0, 0.001, 0, 0.001, 0.001, 0
Node_chloroArabidopsis_chloroRedAlgae_0, 0, 0, 0.001, 0.001, 0, 0, 0, 0, 0.001
Node_mitoAnnelida_mitoChelicerate_0, 0, 0, 0.004, 0.006, 0, 0, 0, 0, 0.004
Node_mitoAnnelida_mitoMollusc_0, 0, 0, 0.001, 0.001, 0, 0, 0, 0, 0.001
Node_mitoAnnelida_mitoPriapulid_0, 0, 0, 0.003, 0.004, 0, 0, 0, 0, 0.003
Node_mitoArabidopsis_mitoLycophyte_0, 0, 0, 0.003, 0.006, 0, 0, 0, 0, 0.003
Node_mitoBryophyte_mitoArabidopsis_0, 0, 0, 0.002, 0.002, 0, 0, 0, 0, 0.001
Node_mitoBryophyte_mitoChlorophyta_0, 0.001, 0, 0, 0, 0.001, 0, 0.001, 0, 0.001
Node_mitoBryophyte_mitoExcavata_0, 0, 0, 0.001, 0.001, 0, 0, 0, 0, 0.001
Node_mitoBryophyte_mitoRedAlgae_0, 0, 0, 0.001, 0.001, 0, 0, 0, 0, 0.001
Node_mitoChelicerate_mitoInsect_0, 0.001, 0, 0.001, 0.001, 0.001, 0, 0.001, 0, 0.002
Node_mitoFungi_mitoBryophyte_0, 0, 0, 0.003, 0, 0, 0, 0, 0, 0
OLB1X1, 0, 0, 0.005, 0.005, 0, 0, 0, 0, 0.005
Omni2, 0, 0, 0.001, 0, 0, 0, 0, 0, 0
Omni3, 0, 0, 0.002, 0.002, 0, 0, 0, 0, 0.002
Omni4, 0, 0, 0.004, 0.004, 0, 0, 0, 0, 0.003
Omni6, 0, 0, 0.002, 0.002, 0, 0, 0, 0, 0.002
Omni7, 0, 0, 0.001, 0.002, 0, 0, 0, 0, 0.001
Omni8, 0, 0, 0.006, 0.006, 0, 0, 0, 0, 0.006
Pate1, 0, 0, 0.002, 0.002, 0, 0, 0, 0, 0.002
Pate10, 0, 0, 0.002, 0.002, 0, 0, 0, 0, 0.002
Pate11, 0, 0, 0.003, 0.003, 0, 0, 0, 0, 0.003
Pate12, 0, 0, 0.004, 0.004, 0, 0, 0, 0, 0.003
Pate13, 0, 0, 0.001, 0, 0, 0, 0, 0, 0
Pate14, 0, 0, 0.003, 0.003, 0, 0, 0, 0, 0.003
Pate15, 0, 0, 0.002, 0.002, 0, 0, 0, 0, 0.002
Pate17, 0, 0, 0.003, 0.003, 0, 0, 0, 0, 0.003
Pate18, 0, 0, 0.001, 0.001, 0, 0, 0, 0, 0
Pate19, 0, 0, 0.002, 0.002, 0, 0, 0, 0, 0.002
Pate21, 0, 0, 0.001, 0.001, 0, 0, 0, 0, 0.001
Pate22, 0, 0, 0.002, 0.003, 0, 0, 0, 0, 0.002
Pate24, 0, 0, 0.004, 0.005, 0, 0, 0, 0, 0.004
Pate25, 0, 0, 0.006, 0.006, 0, 0, 0, 0, 0.006
Pate26, 0, 0, 0.003, 0.003, 0, 0, 0, 0, 0.002
Pate27, 0, 0, 0.005, 0.004, 0, 0, 0, 0, 0.004
Pate28, 0, 0, 0.003, 0.003, 0, 0, 0, 0, 0.003
Pate29, 0, 0, 0.002, 0.002, 0, 0, 0, 0, 0.002
Pate3, 0, 0, 0.001, 0.002, 0, 0, 0, 0, 0.001
Pate30, 0, 0, 0.003, 0.003, 0, 0, 0, 0, 0.003
Pate32, 0, 0, 0.004, 0.005, 0, 0, 0, 0, 0.004
Pate33, 0, 0, 0.001, 0.002, 0, 0, 0, 0, 0.001
Pate34, 0, 0, 0.003, 0.003, 0, 0, 0, 0, 0.002
Pate35, 0, 0, 0.002, 0.002, 0, 0, 0, 0, 0.002
Pate36, 0, 0, 0.001, 0.001, 0, 0, 0, 0, 0.001
Pate38, 0, 0, 0.005, 0.004, 0, 0, 0, 0, 0.004
Pate39, 0, 0, 0.003, 0.003, 0, 0, 0, 0, 0.003
Pate4, 0, 0, 0.003, 0.004, 0, 0, 0, 0, 0.003
Pate40, 0, 0, 0.002, 0.002, 0, 0, 0, 0, 0.002
Pate41, 0, 0, 0.002, 0.003, 0, 0, 0, 0, 0.002
Pate43, 0, 0, 0.002, 0.001, 0, 0, 0, 0, 0.001
Pate44, 0, 0, 0.002, 0.003, 0, 0, 0, 0, 0.002
Pate45, 0, 0, 0.002, 0.002, 0, 0, 0, 0, 0.002
Pate46, 0, 0, 0.004, 0.005, 0, 0, 0, 0, 0.004
Pate49, 0, 0, 0.001, 0.001, 0, 0, 0, 0, 0.001
Pate5, 0, 0, 0.005, 0.006, 0, 0, 0, 0, 0.005
Pate50, 0, 0, 0.002, 0.002, 0, 0, 0, 0, 0.002
Pate51, 0, 0, 0.003, 0.003, 0, 0, 0, 0, 0.002
Pate53, 0, 0, 0.003, 0.002, 0, 0, 0, 0, 0.002
Pate55, 0, 0, 0.005, 0.007, 0, 0, 0, 0, 0.005
Pate56, 0, 0, 0.002, 0.002, 0, 0, 0, 0, 0.002
Pate57, 0, 0, 0.006, 0.007, 0, 0, 0, 0, 0.005
Pate6, 0, 0, 0.005, 0.005, 0, 0, 0, 0, 0.005
Pate7, 0, 0, 0.003, 0.005, 0, 0, 0, 0, 0.003
Pate8, 0, 0, 0.004, 0.005, 0, 0, 0, 0, 0.004
Pate9, 0, 0, 0.004, 0.005, 0, 0, 0, 0, 0.004
Plan12, 0, 0, 0.004, 0.005, 0, 0, 0, 0, 0.003
Plan14, 0, 0, 0.005, 0.004, 0, 0, 0, 0, 0.004
Plan16, 0, 0, 0.003, 0.004, 0, 0, 0, 0, 0.003
Plan17, 0, 0, 0.001, 0.001, 0, 0, 0, 0, 0.001
Plan18, 0, 0, 0.003, 0.004, 0, 0.001, 0, 0, 0.002
Plan2, 0, 0, 0.001, 0, 0, 0, 0, 0, 0
Plan21, 0, 0, 0.002, 0.002, 0, 0, 0, 0, 0.002
Plan22, 0, 0, 0.003, 0.004, 0, 0, 0, 0, 0.002
Plan23, 0, 0, 0.001, 0.002, 0, 0, 0, 0, 0.001
Plan26, 0, 0, 0.003, 0.003, 0, 0, 0, 0, 0.003
Plan27, 0, 0, 0.004, 0.005, 0, 0, 0, 0, 0.004
Plan3, 0, 0, 0.004, 0.003, 0, 0, 0, 0, 0.002
Plan30, 0, 0, 0.003, 0.003, 0, 0, 0, 0, 0.002
Plan32, 0, 0, 0.005, 0.005, 0, 0, 0, 0, 0.004
Plan33, 0, 0, 0.002, 0.002, 0, 0, 0, 0, 0.002
Plan4, 0, 0, 0.003, 0.003, 0, 0, 0, 0, 0.003
Plan40, 0, 0, 0.001, 0.001, 0, 0, 0, 0, 0.001
Plan42, 0, 0, 0.003, 0.003, 0, 0, 0, 0, 0.003
Plan43, 0, 0, 0.004, 0.003, 0, 0, 0, 0, 0.003
Plan5, 0, 0, 0.002, 0.003, 0, 0, 0, 0, 0.002
Pori1, 0, 0, 0.003, 0.005, 0, 0, 0, 0, 0.002
Pori2, 0, 0, 0.004, 0.004, 0, 0, 0, 0, 0.003
ProtA11, 0, 0, 0.001, 0.001, 0, 0, 0, 0, 0.001
ProtA12, 0, 0, 0.001, 0.001, 0, 0, 0, 0, 0.001
ProtA13, 0, 0, 0.001, 0.001, 0, 0, 0, 0, 0
ProtA14, 0, 0, 0.005, 0.004, 0, 0, 0, 0, 0.004
ProtA15, 0, 0, 0.001, 0.001, 0, 0, 0, 0, 0.001
ProtA16, 0, 0, 0.003, 0.003, 0, 0, 0, 0, 0.003
ProtA19, 0, 0, 0.001, 0.002, 0, 0, 0, 0, 0.001
ProtA2, 0, 0, 0.003, 0.004, 0, 0, 0, 0, 0.002
ProtA20, 0, 0, 0.002, 0.003, 0, 0, 0, 0, 0.002
ProtA21, 0, 0, 0.005, 0.006, 0, 0, 0, 0, 0.005
ProtA24, 0, 0, 0.004, 0.005, 0, 0, 0, 0, 0.004
ProtA26, 0, 0, 0.002, 0.002, 0, 0, 0, 0, 0.002
ProtA27, 0, 0, 0.003, 0.003, 0, 0, 0, 0, 0.003
ProtA29, 0, 0, 0.003, 0.002, 0, 0, 0, 0, 0.002
ProtA3, 0, 0, 0.002, 0.002, 0, 0, 0, 0, 0.001
ProtA30, 0, 0, 0.002, 0.003, 0, 0, 0, 0, 0.002
ProtA32, 0, 0, 0.001, 0.001, 0, 0, 0, 0, 0.001
ProtA33, 0, 0, 0.001, 0.001, 0, 0, 0, 0, 0.001
ProtA34, 0, 0, 0.002, 0.002, 0, 0, 0, 0, 0.002
ProtA35, 0, 0, 0.001, 0.002, 0, 0, 0, 0, 0.001
ProtA36, 0, 0, 0.001, 0.001, 0, 0, 0, 0, 0.001
ProtA37, 0, 0, 0.002, 0.003, 0, 0, 0, 0, 0.002
ProtA38, 0, 0, 0.001, 0.001, 0, 0, 0, 0, 0.001
ProtA39, 0, 0, 0.001, 0.001, 0, 0, 0, 0, 0.001
ProtA40, 0, 0, 0.001, 0.001, 0, 0, 0, 0, 0.001
ProtA41, 0, 0, 0.004, 0.005, 0, 0, 0, 0, 0.004
ProtA43, 0, 0, 0.002, 0.002, 0, 0, 0, 0, 0.002
ProtA44, 0, 0, 0.003, 0.004, 0, 0, 0, 0, 0.003
ProtA45, 0, 0, 0.004, 0.004, 0, 0, 0, 0, 0.003
ProtA46, 0, 0, 0.003, 0.002, 0, 0, 0, 0, 0.001
ProtA47, 0, 0, 0.182, 0.018, 0, 0, 0, 0, 0.003
ProtA48, 0, 0, 0.009, 0.002, 0, 0, 0, 0, 0.001
ProtA5, 0, 0, 0.001, 0.001, 0, 0, 0, 0, 0.001
ProtA50, 0, 0, 0.001, 0.001, 0, 0, 0, 0, 0.001
ProtA51, 0, 0, 0.001, 0.001, 0, 0, 0, 0, 0.001
ProtA52, 0, 0, 0.002, 0.002, 0, 0, 0, 0, 0.001
ProtA53, 1, 0, 0.002, 0.185, 1, 0, 1, 0.033, 0.967
ProtA54, 0, 0, 0.001, 0.001, 0, 0, 0, 0, 0.001
ProtA55, 0, 0, 0.002, 0.002, 0, 0, 0, 0, 0
ProtA56, 0, 0, 0.006, 0.008, 0, 0, 0, 0, 0.005
ProtA57, 0, 0, 0.001, 0.002, 0, 0, 0, 0, 0.001
ProtA58, 0, 0, 0.036, 0.003, 0, 0, 0, 0, 0.001
ProtA60, 0, 0, 0.022, 0.008, 0, 0, 0, 0, 0.004
ProtA61, 0, 0, 0.003, 0.002, 0, 0, 0, 0, 0.002
ProtA62, 0, 0, 0.001, 0, 0, 0, 0, 0, 0
ProtA63, 1, 0, 0.001, 0.055, 1, 0, 1, 0.178, 0.822
ProtA64, 0, 0, 0.001, 0.001, 0, 0, 0, 0, 0.001
ProtA66, 0, 0, 0.004, 0.005, 0, 0, 0, 0, 0.004
ProtA68, 0, 0, 0.002, 0.002, 0, 0, 0, 0, 0.001
ProtA69, 0, 0, 0.001, 0.001, 0, 0, 0, 0, 0.001
ProtA7, 0, 0, 0.004, 0.004, 0, 0, 0, 0, 0.004
ProtA70, 0, 0, 0.002, 0.002, 0, 0, 0, 0, 0.002
ProtA71, 0, 0, 0.004, 0.004, 0, 0, 0, 0, 0.002
ProtA72, 0, 0, 0.002, 0.001, 0, 0, 0, 0, 0.001
ProtA74, 0, 0, 0.002, 0.002, 0, 0, 0, 0, 0.002
ProtA75, 0, 0, 0.001, 0.001, 0, 0, 0, 0, 0.001
ProtA76, 0, 0, 0.003, 0.002, 0, 0, 0, 0, 0.001
ProtA8, 0, 0, 0.002, 0.002, 0, 0, 0, 0, 0.002
ProtA9, 1, 0, 0.001, 0.326, 1, 0, 1, 0.018, 0.983
ProtG1, 0, 0, 0.035, 0.022, 0, 0, 0, 0, 0.002
ProtG10, 1, 0, 0.083, 0.033, 1, 0, 1, 0.18, 0.825
ProtG11, 0, 0, 0.011, 0.008, 0, 0, 0, 0, 0
ProtG12, 1, 0, 0.005, 0.048, 1, 0, 1, 0.129, 0.874
ProtG13, 0, 0, 0.799, 0.013, 0, 0, 0, 0, 0.001
ProtG14, 0, 0, 0.177, 0.064, 0, 0, 0, 0, 0.002
ProtG15, 0, 0, 0.003, 0.003, 0, 0, 0, 0, 0.002
ProtG16, 0, 0, 0.164, 0.113, 0, 0, 0, 0, 0.002
ProtG17, 0, 0, 0.164, 0.125, 0, 0, 0, 0, 0.002
ProtG18, 0, 0, 0.011, 0.009, 0, 0, 0, 0, 0.002
ProtG20, 0, 0, 0.006, 0.005, 0, 0, 0, 0, 0.001
ProtG21, 0, 0, 0.011, 0.006, 0, 0, 0, 0, 0.002
ProtG22, 1, 0, 0.001, 0.449, 1, 0, 1, 0.823, 0.178
ProtG24, 1, 0, 0.007, 0.135, 1, 0, 1, 0.881, 0.119
ProtG25, 0, 0, 0.004, 0.004, 0, 0, 0, 0, 0.002
ProtG26, 0, 0, 0.006, 0.004, 0, 0, 0, 0, 0.001
ProtG27, 0, 0, 0.009, 0.006, 0, 0, 0, 0, 0.002
ProtG28, 0, 0, 0.046, 0.03, 0, 0, 0, 0, 0
ProtG29, 0, 0, 0.002, 0.001, 0, 0, 0, 0, 0.001
ProtG3, 0, 0, 0.002, 0.002, 0, 0, 0, 0, 0.001
ProtG31, 0, 0, 0.781, 0.278, 0, 0, 0, 0, 0.001
ProtG32, 0, 0, 0.007, 0.005, 0, 0, 0, 0, 0.002
ProtG33, 1, 0, 0.029, 0.21, 1, 0, 1, 0.14, 0.864
ProtG34, 0, 0, 0.099, 0.024, 0, 0, 0, 0, 0.005
ProtG35, 0, 0, 0.019, 0.012, 0, 0, 0, 0, 0.005
ProtG36, 0, 0, 0.008, 0.008, 0, 0, 0, 0, 0.003
ProtG37, 0, 0, 0.004, 0.002, 0, 0, 0, 0, 0.002
ProtG38, 0, 0, 0.013, 0.008, 0, 0, 0, 0, 0.003
ProtG39, 0, 0, 0.001, 0, 0, 0, 0, 0, 0
ProtG4, 0, 0, 0.005, 0.003, 0, 0, 0, 0, 0.003
ProtG40, 0, 0, 0.003, 0.002, 0, 0, 0, 0, 0.001
ProtG41, 0, 0, 0.004, 0.003, 0, 0, 0, 0, 0.002
ProtG42, 0, 0, 0.016, 0.011, 0, 0, 0, 0, 0.002
ProtG43, 0, 0, 0.005, 0.002, 0, 0, 0, 0, 0.001
ProtG44, 0, 0, 0.823, 0.257, 0, 0, 0, 0, 0
ProtG45, 0, 0, 0.002, 0.002, 0, 0, 0, 0, 0.002
ProtG46, 0, 0, 0.015, 0.011, 0, 0, 0, 0, 0.005
ProtG47, 1, 0, 0.003, 0.03, 1, 0, 1, 0.907, 0.094
ProtG48, 0, 0, 0.007, 0.008, 0, 0, 0, 0, 0.004
ProtG49, 0, 0, 0.005, 0.004, 0, 0, 0, 0, 0.002
ProtG5, 0, 0, 0.133, 0.024, 0, 0, 0, 0, 0.002
ProtG50, 1, 0, 0.002, 0.852, 1, 0, 1, 0.986, 0.014
ProtG51, 0, 0, 0.002, 0.003, 0, 0, 0, 0, 0
ProtG52, 0, 0, 0.797, 0.517, 0, 0, 0, 0, 0.003
ProtG53, 0, 0, 0.003, 0.003, 0, 0, 0, 0, 0.002
ProtG54, 0, 0, 0.007, 0.003, 0, 0, 0, 0, 0
ProtG55, 0, 0, 0.006, 0.007, 0, 0, 0, 0, 0.002
ProtG56, 1, 0, 0.003, 0.01, 1, 0.001, 1, 0.897, 0.105
ProtG57, 0, 0, 0.123, 0.032, 0, 0, 0, 0, 0.002
ProtG58, 0, 0, 0.881, 0.195, 0, 0, 0, 0, 0.002
ProtG59, 0, 0, 0.903, 0.223, 0, 0, 0, 0, 0.004
ProtG6, 0, 0, 0.004, 0.001, 0, 0, 0, 0, 0.001
ProtG60, 0, 0, 0.001, 0.001, 0, 0, 0, 0, 0.001
ProtG61, 0, 0, 0.001, 0.001, 0, 0, 0, 0, 0.001
ProtG62, 0, 0, 0.02, 0.018, 0, 0, 0, 0, 0
ProtG63, 1, 0, 0.007, 0.728, 1, 0, 1, 0.994, 0.006
ProtG64, 0, 0, 0.002, 0.001, 0, 0, 0, 0, 0.001
ProtG65, 0, 0, 0.004, 0.002, 0, 0, 0, 0, 0.001
ProtG66, 0, 0, 0.007, 0.007, 0, 0, 0, 0, 0.002
ProtG67, 1, 0, 0.009, 0.657, 1, 0, 1, 0.993, 0.008
ProtG68, 0, 0, 0.006, 0.004, 0, 0, 0, 0, 0.001
ProtG69, 0, 0, 0.004, 0.004, 0, 0, 0, 0, 0.001
ProtG7, 0, 0, 0.165, 0.06, 0, 0, 0, 0, 0
ProtG70, 0, 0, 0.002, 0.003, 0, 0, 0, 0, 0.001
ProtG71, 0, 0, 0.04, 0.006, 0, 0, 0, 0, 0.002
ProtG72, 0, 0, 0.031, 0.039, 0, 0, 0, 0, 0.001
ProtG73, 1, 0, 0.002, 0.15, 1, 0, 1, 0.898, 0.103
ProtG74, 0, 0, 0.015, 0.011, 0, 0, 0, 0, 0.001
ProtG76, 0, 0, 0.001, 0.001, 0, 0, 0, 0, 0
ProtG77, 0, 0, 0.021, 0.014, 0, 0, 0, 0, 0.001
ProtG78, 0, 0, 0.009, 0.005, 0, 0, 0, 0, 0.001
ProtG79, 0, 0, 0.005, 0.003, 0, 0, 0, 0, 0
ProtG8, 0, 0, 0.006, 0.003, 0, 0, 0, 0, 0.001
ProtG80, 1, 0, 0.003, 0.224, 1, 0, 1, 0.119, 0.882
ProtG81, 0, 0, 0.008, 0.005, 0, 0, 0, 0, 0.003
ProtG82, 1, 0, 0.001, 0.213, 1, 0, 1, 0.144, 0.857
ProtG83, 1, 0, 0.003, 0.31, 1, 0, 1, 0.792, 0.209
ProtG84, 0, 0, 0.012, 0.012, 0, 0, 0, 0, 0.001
ProtG85, 0, 0, 0.004, 0.004, 0, 0, 0, 0, 0.001
ProtG86, 0, 0, 0.144, 0.02, 0, 0, 0, 0, 0
ProtG87, 0, 0, 0.003, 0.002, 0, 0, 0, 0, 0.002
ProtG88, 0, 0, 0.88, 0.016, 0, 0, 0, 0, 0.003
ProtG89, 1, 0, 0.001, 0.013, 1, 0, 1, 0.797, 0.203
ProtG9, 0, 0, 0.003, 0.002, 0, 0, 0, 0, 0.001
ProtG90, 0, 0, 0.01, 0.009, 0, 0, 0, 0, 0.003
ProtG91, 0, 0, 0.003, 0.003, 0, 0, 0, 0, 0
ProtM2, 0, 0, 0.003, 0.004, 0, 0, 0, 0, 0.003
ProtM3, 0, 0, 0.005, 0.005, 0, 0, 0, 0, 0.002
ProtZ2, 0, 0, 0.001, 0.001, 0, 0, 0, 0, 0.001
ProtZ3, 0, 0, 0.001, 0.001, 0, 0, 0, 0, 0.001
ProtZ4, 0, 0, 0.002, 0.003, 0, 0, 0, 0, 0.002
ProtZ5, 0, 0, 0.004, 0.003, 0, 0, 0, 0, 0.002
RBG1, 0, 0, 0.004, 0.005, 0, 0, 0, 0, 0.003
Rifl1, 0, 0, 0.001, 0.001, 0, 0, 0, 0, 0.001
SAR3X1, 0, 0, 0.001, 0.002, 0, 0, 0, 0, 0.001
SAR3X2, 0, 0, 0.001, 0.001, 0, 0, 0, 0, 0.001
SLNR1, 0, 0, 0.002, 0.005, 0, 0, 0, 0, 0.002
SM23X1, 0, 0, 0.001, 0, 0, 0, 0, 0, 0
SZUA1, 0, 0, 0.003, 0.004, 0, 0, 0, 0, 0.003
SZUA2, 0, 0, 0.001, 0.002, 0, 0, 0, 0, 0.001
Sche1, 0, 0, 0.002, 0.003, 0, 0, 0, 0, 0.002
Spir10, 0, 0, 0.001, 0.001, 0, 0, 0, 0, 0.001
Spir11, 0, 0, 0.002, 0.002, 0, 0, 0, 0, 0.002
Spir12, 0, 0, 0.001, 0.001, 0, 0, 0, 0, 0.001
Spir13, 0, 0, 0.001, 0.002, 0, 0, 0, 0, 0.001
Spir15, 0, 0, 0.003, 0.002, 0, 0, 0, 0, 0.002
Spir2, 0, 0, 0.001, 0.001, 0, 0, 0, 0, 0.001
Spir3, 0, 0, 0.003, 0.003, 0, 0, 0, 0, 0.003
Spir8, 0, 0, 0.003, 0.003, 0, 0, 0, 0, 0.001
Spir9, 0, 0, 0.004, 0.005, 0, 0, 0, 0, 0.003
Sume1, 0, 0, 0.003, 0.004, 0, 0, 0, 0, 0.003
Syne1, 0, 0, 0.001, 0.001, 0, 0, 0, 0, 0.001
Syne10, 0, 0, 0.001, 0, 0, 0, 0, 0, 0
Syne2, 0, 0, 0.001, 0.001, 0, 0, 0, 0, 0
Syne3, 0, 0, 0.002, 0.002, 0, 0, 0, 0, 0.002
Syne4, 0, 0, 0.001, 0.001, 0, 0, 0, 0, 0.001
Syne5, 0, 0, 0.001, 0.001, 0, 0, 0, 0, 0.001
Syne6, 0, 0, 0.001, 0.001, 0, 0, 0, 0, 0.001
Syne7, 0, 0, 0.001, 0.002, 0, 0, 0, 0, 0
Syne8, 0, 0, 0.002, 0.002, 0, 0, 0, 0, 0.002
Syne9, 0, 0, 0.002, 0.002, 0, 0, 0, 0, 0.002
TA06A1, 0, 0, 0.001, 0.001, 0, 0, 0, 0, 0.001
TA06X1, 0, 0, 0.002, 0.002, 0, 0, 0, 0, 0.002
Therd1, 0, 0, 0.003, 0.004, 0, 0, 0, 0, 0.003
Therg2, 0, 0, 0.003, 0.003, 0, 0, 0, 0, 0.002
Therg3, 0, 0, 0.001, 0.002, 0, 0, 0, 0, 0.001
Therg4, 0, 0, 0.003, 0.005, 0, 0, 0, 0, 0.002
Therg5, 0, 0, 0.001, 0.001, 0, 0, 0, 0, 0.001
Therg8, 0, 0, 0.002, 0.002, 0, 0, 0, 0, 0.002
Thers1, 0, 0, 0.006, 0.007, 0, 0, 0, 0, 0.005
UBA1X2, 0, 0, 0.002, 0.002, 0, 0, 0, 0, 0.002
UBA1X3, 0, 0, 0.002, 0.002, 0, 0, 0, 0, 0.002
UBA1X4, 0, 0, 0.001, 0.001, 0, 0, 0, 0, 0.001
UBA1X5, 0, 0, 0.001, 0.001, 0, 0, 0, 0, 0.001
UBA2X1, 0, 0, 0.004, 0.005, 0, 0, 0, 0, 0.004
UBA6X1, 0, 0, 0.001, 0.001, 0, 0, 0, 0, 0.001
UBA9X1, 0, 0, 0.003, 0.003, 0, 0, 0, 0, 0.003
UBA9X2, 0, 0, 0.004, 0.004, 0, 0, 0, 0, 0.003
UBA9X3, 0, 0, 0.003, 0.003, 0, 0, 0, 0, 0.002
UBP14X1, 0, 0, 0.001, 0.001, 0, 0, 0, 0, 0.001
UBP4X1, 0, 0, 0.002, 0.003, 0, 0, 0, 0, 0.002
UBP6X1, 0, 0, 0.002, 0.004, 0, 0, 0, 0, 0.002
Verr10, 1, 0, 0, 0.106, 1, 0, 1, 0.098, 0.902
Verr11, 0, 0, 0.979, 0.257, 0, 0, 0, 0, 0.001
Verr12, 1, 0, 0.005, 0.265, 1, 0, 1, 0.976, 0.027
Verr13, 0, 0, 0.082, 0.021, 0, 0, 0, 0, 0.002
Verr14, 1, 0, 0.005, 0.09, 1, 0, 1, 0.983, 0.022
Verr2, 1, 0, 0.001, 0.009, 1, 0, 1, 0.994, 0.007
Verr3, 0, 0, 0.101, 0.026, 0, 0, 0, 0, 0.003
Verr4, 0, 0, 0.078, 0.019, 0, 0, 0, 0, 0.002
Verr5, 0, 0, 0.007, 0.006, 0, 0, 0, 0, 0
Verr6, 0, 0, 0.008, 0.006, 0, 0, 0, 0, 0.001
Verr7, 1, 0, 0.002, 0.14, 1, 0, 1, 0.994, 0.008
Verr8, 0, 0, 0.065, 0.012, 0, 0, 0, 0, 0.001
Verr9, 0, 0, 0.121, 0.012, 0, 0, 0, 0, 0
WOR1, 0, 0, 0.002, 0.003, 0, 0, 0, 0, 0.002
WOR2, 0, 0, 0.001, 0.001, 0, 0, 0, 0, 0.001
WOR3, 0, 0, 0.003, 0.003, 0, 0, 0, 0, 0.003
WOR4, 0, 0, 0.002, 0.002, 0, 0, 0, 0, 0.002
WOR6, 0, 0, 0.003, 0.005, 0, 0, 0, 0, 0.003
WOR7, 0, 0, 0.003, 0.003, 0, 0, 0, 0, 0.003
Wall1, 0, 0, 0.001, 0.001, 0, 0, 0, 0, 0.001
Zixi1, 0, 0, 0.003, 0.004, 0, 0, 0, 0, 0.003
Zixi2, 0, 0, 0.005, 0.006, 0, 0, 0, 0, 0.005
Zixi3, 0, 0, 0.003, 0.003, 0, 0, 0, 0, 0.003
Zixi4, 0, 0, 0.001, 0.001, 0, 0, 0, 0, 0.001
Zixi5, 0, 0, 0.002, 0.003, 0, 0, 0, 0, 0.002
chloroArabidopsis, 0, 0, 0.002, 0.001, 0, 0, 0, 0, 0.001
chloroBryophyte, 0, 0, 0.004, 0.004, 0, 0, 0, 0, 0.003
chloroLycophyte, 0, 0, 0.002, 0.002, 0, 0, 0, 0, 0.001
chloroRedAlgae, 0, 0, 0.002, 0.002, 0, 0, 0, 0, 0.002
mitoAnnelida, 0, 0, 0.001, 0.001, 0, 0, 0, 0, 0.001
mitoChelicerate, 0, 0, 0.003, 0.003, 0, 0, 0, 0, 0.002
mitoChlorophyta, 0, 0, 0.002, 0.002, 0, 0, 0, 0, 0.001
mitoExcavata, 0, 0, 0.002, 0.002, 0, 0, 0, 0, 0.002
mitoInsect, 0, 0, 0.001, 0, 0, 0, 0, 0, 0
mitoLycophyte, 0, 0, 0.001, 0.001, 0, 0, 0, 0, 0.001
mitoMollusc, 0, 0, 0.002, 0.002, 0, 0, 0, 0, 0.002
mitoParamecium, 0, 0, 0.002, 0.002, 0, 0, 0, 0, 0.002
mitoPriapulid, 0, 0, 0.001, 0.001, 0, 0, 0, 0, 0.001
mitoRedAlgae, 0, 0, 0.002, 0.002, 0, 0, 0, 0, 0.002
